223
700
161
483
102
598
32
826
500
729
619
229
59
316
292
274
81
11
778
63
358
286
275
723
385
736
549
398
923
318
914
892
964
953
762
301
436
652
293
41
85
122
97
843
887
10
568
715
484
469
422
856
846
554
882
894
909
47
763
180
277
962
845
785
455
656
915
985
79
983
735
242
838
335
448
596
945
695
315
48
226
165
46
247
702
93
153
687
630
182
398
938
753
704
322
55
930
683
196
765
222
365
757
29
297
98
217
816
513
329
613
761
267
108
353
851
877
936
273
438
660
854
278
927
471
913
130
845
148
640
204
571
809
695
632
243
757
569
971
455
784
761
414
886
704
810
536
141
541
74
65
564
784
278
948
867
231
611
925
844
468
641
28
490
232
220
272
339
882
254
303
234
932
887
613
768
159
982
883
820
77
549
66
488
312
640
48
638
50
406
770
51
316
300
83
539
99
78
228
13
935
551
829
728
46
562
442
62
625
842
633
752
317
287
147
250
925
626
169
817
158
796
138
10
19
434
506
197
466
987
996
577
246
668
420
745
270
924
78
968
695
340
355
497
541
106
589
899
368
430
464
907
4
163
140
578
897
130
992
336
141
556
946
352
742
15
972
718
357
531
569
999
23
469
872
8
14
636
848
794
983
210
109
572
485
708
761
153
174
750
262
524
308
281
315
737
647
39
710
542
345
64
138
978
99
653
265
700
214
701
19
607
180
631
303
173
711
287
928
986
138
316
756
258
975
242
290
677
89
619
42
809
188
251
882
737
9
588
405
918
70
943
70
323
733
628
734
997
780
340
442
330
677
429
777
729
759
638
157
427
725
676
239
272
52
780
304
493
675
705
421
164
958
352
146
469
484
803
187
28
467
731
511
755
743
353
814
521
794
559
916
555
345
98
758
842
627
386
549
701
848
174
1
408
7
346
799
117
872
330
630
875
763
371
982
140
121
928
682
915
666
443
136
173
270
276
151
895
976
231
936
897
111
665
320
242
487
155
684
188
401
586
126
913
878
598
112
677
961
657
454
654
173
851
329
938
188
340
225
736
915
521
426
162
650
587
346
488
960
900
634
841
174
451
996
606
235
562
796
103
712
318
993
874
797
462
182
817
388
920
44
292
243
889
83
655
480
852
304
132
129
820
889
852
897
773
47
418
474
840
571
465
959
725
884
640
768
310
720
90
988
617
929
259
674
551
682
312
681
339
442
854
449
277
328
5
105
439
648
438
915
823
148
123
580
591
807
711
0
313
142
350
638
535
296
957
903
378
103
381
701
434
568
956
594
981
239
165
630
771
422
985
630
561
880
446
289
204
161
7
156
513
825
732
656
282
744
867
610
828
636
655
820
23
976
744
915
533
15
507
672
895
786
540
603
684
991
417
164
51
139
913
44
532
480
916
892
434
202
468
387
707
742
773
382
963
221
913
980
117
992
984
32
140
412
974
106
713
880
796
583
126
956
204
760
651
300
895
561
838
621
97
579
248
760
152
332
614
949
856
340
805
145
627
340
570
763
391
19
288
587
656
57
923
621
120
543
733
45
740
174
79
210
321
976
499
664
982
676
607
992
124
997
557
859
12
757
752
792
55
46
401
794
612
162
907
861
61
387
300
418
531
381
941
201
868
587
396
838
305
559
776
511
197
398
916
622
27
116
528
10
159
731
932
354
592
770
278
733
356
732
454
763
197
125
16
849
394
100
994
843
937
422
687
458
19
744
315
632
337
543
168
186
822
443
344
230
68
657
276
780
492
232
188
834
672
718
96
202
484
956
702
343
540
535
949
736
927
377
538
428
453
463
753
111
860
692
990
324
593
127
340
107
958
992
78
252
511
768
708
797
649
41
817
177
20
540
138
578
720
162
489
488
663
973
563
602
250
208
110
412
494
852
415
306
328
332
356
52
271
19
653
730
865
693
984
826
897
139
30
240
591
411
192
933
336
928
613
267
127
469
528
679
180
336
182
760
180
556
605
440
826
743
700
352
965
462
974
177
465
870
976
464
194
885
558
754
847
551
193
201
627
101
956
949
602
915
823
110
250
649
763
496
127
117
886
40
548
886
906
991
566
868
994
557
347
790
316
120
420
900
557
60
743
247
689
453
256
757
258
787
432
809
420
709
134
75
222
426
838
180
323
971
351
332
906
77
794
320
618
70
823
398
234
990
930
730
680
296
182
630
145
248
88
222
753
439
656
458
683
701
988
775
50
158
53
832
969
609
205
649
200
589
137
229
952
924
572
360
234
293
37
135
410
204
202
750
826
221
276
