402
52
81
844
321
103
72
679
999
710
528
718
99
918
532
217
481
479
593
750
392
772
829
716
166
414
928
988
475
518
0
426
644
546
503
953
449
850
32
781
65
931
931
861
276
747
628
232
306
14
978
166
530
73
999
195
525
93
644
592
228
903
591
547
750
653
463
248
471
475
839
528
326
94
241
88
166
553
781
197
688
567
554
759
462
568
4
995
306
279
439
318
984
635
219
622
122
597
248
131
915
585
164
558
678
241
907
553
808
782
302
136
443
344
887
390
556
504
219
715
439
380
353
396
241
955
515
251
759
337
635
393
525
141
552
897
849
842
864
103
386
771
144
385
987
58
498
317
932
786
430
499
451
3
220
988
942
295
752
811
724
339
959
59
261
223
258
41
168
642
841
979
300
207
898
593
568
925
234
27
390
670
522
500
933
261
429
949
943
366
842
685
451
801
277
775
532
263
107
869
793
888
822
116
934
900
797
719
498
360
199
632
947
764
329
253
615
235
95
64
620
74
104
641
667
660
973
423
960
813
866
269
181
262
350
146
888
312
248
268
226
589
987
709
601
331
555
302
520
274
656
275
797
137
266
456
468
356
918
507
386
312
481
441
693
18
225
93
674
957
532
54
958
498
515
993
33
221
311
503
504
237
504
225
746
932
698
448
14
64
544
761
635
554
461
898
215
845
273
214
92
769
104
439
576
552
962
453
140
168
118
257
23
179
128
247
188
419
637
20
65
466
5
84
673
681
800
463
5
167
804
388
318
36
62
863
486
647
758
911
568
261
600
43
365
659
504
71
825
678
270
649
981
440
10
761
990
726
362
736
149
216
458
728
816
632
603
4
698
951
359
657
111
940
860
118
418
510
631
120
346
444
419
57
418
675
298
81
520
840
114
398
801
655
132
968
963
851
641
696
819
599
782
907
311
68
802
817
134
532
534
746
351
39
12
43
632
291
858
957
649
297
737
440
480
653
977
78
349
575
960
242
520
232
531
571
162
327
812
20
66
261
260
766
657
901
922
255
16
680
477
765
744
951
15
862
769
651
938
418
552
34
983
795
307
994
365
491
639
515
375
151
828
504
882
851
830
823
661
582
952
969
961
39
852
548
675
280
86
519
215
810
826
117
311
282
51
997
141
130
398
321
158
715
405
503
263
673
120
253
380
527
265
560
374
477
7
717
781
87
214
937
799
472
181
295
648
479
456
625
666
185
78
553
926
759
614
72
524
297
222
990
640
66
772
515
805
774
688
677
110
218
233
787
707
84
304
698
873
171
522
230
541
47
769
603
162
875
333
692
41
482
583
188
872
328
423
243
366
483
591
531
542
922
823
451
210
484
330
268
42
988
849
667
158
500
6
518
448
200
276
651
981
916
333
349
453
680
772
47
728
619
396
502
132
758
32
587
373
674
149
606
548
804
173
761
932
256
77
700
776
717
522
668
72
448
815
170
862
802
897
41
284
358
927
400
809
830
436
513
748
885
328
896
727
875
758
376
767
492
951
899
779
418
214
505
228
388
589
627
756
455
552
71
217
108
64
455
908
322
748
125
213
742
651
746
786
464
236
344
896
7
42
988
497
376
98
888
222
211
431
119
663
174
712
187
272
366
64
947
942
195
974
289
139
564
886
580
878
379
536
464
503
602
519
263
145
973
981
282
321
546
565
632
54
343
561
707
145
163
933
582
527
952
259
67
916
831
481
941
491
276
720
42
867
699
998
531
276
140
271
423
275
723
663
36
273
587
507
455
627
851
896
647
222
713
276
565
961
719
100
30
55
820
918
420
989
420
8
330
385
346
976
14
164
533
917
556
538
144
630
225
999
319
858
317
691
839
63
621
481
333
391
95
645
522
320
607
428
581
595
474
377
377
400
497
325
160
895
304
6
33
538
311
796
310
473
889
776
1
494
44
941
936
682
344
203
670
256
419
1
156
25
204
260
328
215
582
350
717
221
744
944
43
975
747
114
33
79
243
954
719
39
145
596
25
286
265
850
865
580
640
548
51
704
344
217
608
693
182
390
11
128
459
558
352
213
67
307
854
226
915
348
290
468
510
423
718
961
769
345
18
286
21
932
634
330
837
72
631
402
249
317
11
902
387
928
607
428
544
749
71
684
792
251
553
684
153
262
833
452
353
857
585
429
587
42
895
509
285
826
199
510
703
333
379
977
118
543
304
556
417
840
443
436
348
834
428
655
899
136
882
416
401
425
566
896
867
789
60
835
334
351
584
786
432
356
477
767
61
531
252
670
968
237
891
913
245
671
380
412
4
397
535
27
649
266
810
409
818
109
744
579
825
390
905
60
363
402
289
674
48
659
266
440
675
923
726
765
196
746
647
589
764
655
162
375
721
3
173
55
979
732
260
533
414
400
362
533
393
672
797
8
726
872
779
68
291
604
492
855
569
916
88
417
675
539
523
299
592
365
589
218
317
104
615
633
645
940
395
702
154
461
611
603
633
985
229
888
536
5
662
263
315
213
564
728
272
708
376
318
360
256
772
882
303
233
209
799
645
979
293
429
782
323
802
434
191
991
370
70
402
648
98
517
812
540
485
882
292
839
107
170
471
219
49
631
914
688
139
703
735
125
886
412
149
295
603
997
641
753
33
76
313
613
131
361
482
978
874
376
975
639
795
574
30
975
220
113
94
989
195
929
516
929
321
410
630
747
941
467
415
544
595
740
36
164
478
987
406
479
995
536
833
834
681
930
956
347
470
577
827
215
99
277
778
512
283
15
802
767
136
6
224
276
975
725
468
659
93
572
16
937
193
755
578
408
468
854
827
104
222
869
297
471
963
531
361
705
542
722
49
235
741
685
974
36
637
295
81
717
319
506
399
819
123
257
425
675
20
946
337
117
749
366
423
884
130
156
531
981
105
21
955
589
698
97
383
16
126
9
547
976
428
94
229
835
754
635
96
128
129
254
0
435
865
117
166
839
336
366
902
451
365
535
840
760
417
744
60
354
529
565
42
565
157
161
760
266
828
311
45
129
284
274
518
513
932
928
918
511
245
58
676
100
721
488
295
930
698
651
501
823
14
954
245
707
865
209
441
567
171
239
233
990
132
486
411
912
622
745
879
101
986
577
707
855
653
400
882
611
36
218
18
306
989
1
573
810
912
192
536
602
383
41
819
351
18
51
321
904
917
806
681
64
846
786
971
749
649
391
431
37
855
901
346
393
479
432
410
148
283
812
429
645
910
639
773
107
444
879
774
328
579
721
459
650
41
692
262
526
814
950
975
229
275
301
39
780
283
968
644
943
657
455
391
70
442
248
493
410
380
564
652
273
447
161
391
360
948
57
562
265
27
859
49
6
809
0
71
572
281
465
435
979
642
719
48
429
818
988
652
437
418
680
721
626
674
398
851
492
405
320
673
455
945
503
463
669
200
32
699
281
362
611
911
297
543
190
142
451
815
42
426
924
380
717
566
988
955
304
184
366
183
672
745
759
838
330
759
853
816
411
907
58
29
463
167
497
55
363
306
200
128
892
423
326
252
681
194
599
762
46
541
789
207
987
123
482
988
925
915
140
490
835
958
464
27
67
108
130
874
718
756
451
157
153
595
428
945
30
967
802
184
930
276
130
335
352
430
799
755
934
249
442
981
751
6
698
482
913
302
612
784
487
827
84
686
273
21
501
300
131
595
421
315
19
243
781
118
71
716
831
273
303
209
928
977
54
857
369
228
783
125
313
570
814
513
389
508
996
358
842
852
639
911
81
566
50
267
389
37
664
379
802
760
111
589
790
94
554
904
956
481
759
152
390
407
59
852
827
494
435
230
538
297
124
635
654
422
53
212
394
731
99
172
111
976
501
379
243
109
578
891
116
999
56
465
30
936
798
845
969
293
300
997
702
260
601
303
811
613
125
142
957
536
561
503
798
991
219
773
528
493
902
449
913
552
722
414
975
187
591
772
325
632
600
987
166
828
838
411
473
18
730
857
102
484
448
596
545
423
840
537
140
415
518
100
746
523
636
784
689
890
679
569
511
783
711
335
625
713
51
966
127
989
933
964
36
768
609
563
437
199
4
872
368
202
330
946
263
305
976
631
197
469
516
59
320
330
306
611
496
91
904
169
438
959
92
736
64
739
108
171
973
560
951
481
292
110
994
212
914
369
821
50
11
739
775
883
184
402
959
885
450
603
509
36
478
439
169
485
442
213
994
5
287
289
521
342
711
91
919
10
856
963
779
35
202
748
113
338
710
206
8
734
952
976
499
7
726
949
954
491
289
167
993
769
155
482
386
861
521
258
119
36
124
951
826
152
99
400
96
837
843
958
691
237
25
706
648
570
767
626
609
306
909
272
819
823
994
779
282
255
571
418
667
641
156
670
770
170
53
368
46
615
238
723
778
212
414
914
485
404
128
845
588
681
167
128
863
343
396
365
545
940
269
540
547
531
32
839
252
361
441
179
498
95
656
339
404
673
422
951
987
6
978
830
949
642
719
728
268
160
592
271
111
836
278
286
728
760
241
419
742
733
894
825
131
284
800
497
537
677
842
26
576
992
356
350
