305
991
548
547
157
520
951
172
132
410
252
77
346
866
509
87
608
32
464
836
764
327
335
552
784
309
699
582
537
949
857
245
635
91
760
613
188
687
113
357
878
494
56
815
417
822
418
630
488
329
167
494
683
619
603
445
405
463
439
80
15
406
261
681
12
906
348
152
710
891
96
600
802
599
982
867
807
191
518
361
740
152
834
877
810
583
414
96
432
433
777
946
822
490
475
621
141
356
511
365
925
954
851
629
606
501
661
228
499
679
977
664
563
94
792
961
570
299
115
273
984
212
624
867
784
151
140
106
252
96
170
75
15
53
42
485
595
943
286
47
692
948
602
771
757
643
626
187
601
807
615
57
549
832
149
459
708
158
999
22
946
56
340
802
614
252
671
287
442
175
305
710
36
711
145
923
722
95
943
922
529
195
309
303
447
525
79
802
82
471
509
267
424
594
222
763
32
966
447
163
881
947
653
688
394
336
695
208
922
713
375
694
425
206
691
948
62
258
631
137
146
98
461
817
948
879
880
797
103
733
421
90
946
980
362
990
78
542
820
488
653
267
580
727
808
402
897
471
146
273
580
863
52
470
592
958
848
279
561
744
802
207
814
51
571
498
186
711
384
403
887
709
347
491
468
174
416
533
241
664
515
544
191
613
704
605
510
524
819
665
377
604
393
397
29
878
990
228
666
179
288
645
745
358
196
162
279
347
968
168
904
863
817
784
752
874
686
869
998
659
388
415
626
2
515
199
568
948
33
100
605
882
518
349
345
467
528
488
974
20
864
995
249
485
68
441
110
902
566
55
712
49
685
871
697
329
98
396
111
180
598
848
361
773
714
179
816
149
272
949
537
131
720
821
273
721
348
698
370
809
360
770
718
928
365
418
473
834
981
822
979
806
948
641
550
659
501
222
926
523
882
528
511
543
904
112
619
76
802
781
891
404
69
744
717
607
988
104
624
228
988
731
132
603
411
919
277
117
253
384
546
557
183
178
696
49
696
378
797
596
708
576
826
958
371
359
824
943
178
784
542
919
392
732
937
657
147
857
974
577
723
455
28
996
368
355
382
135
592
556
799
179
876
12
582
903
931
585
557
103
623
52
484
707
911
553
403
139
452
369
560
705
952
116
61
199
155
787
950
451
304
166
186
729
16
289
128
64
94
740
308
567
611
930
658
89
18
274
945
454
614
637
748
325
890
863
509
230
634
866
739
573
297
383
926
228
602
38
152
264
187
336
646
55
262
787
63
488
865
862
156
396
593
278
505
419
243
616
107
306
492
559
411
540
177
201
698
438
9
397
669
183
521
399
11
208
64
887
724
256
589
639
196
996
413
484
592
669
626
879
536
114
944
36
350
784
74
498
751
966
140
540
183
502
322
912
18
601
33
534
456
210
236
43
704
134
395
111
792
218
406
43
580
726
112
199
37
433
26
43
44
197
37
76
224
292
797
906
923
194
90
768
332
21
376
403
424
467
993
286
146
67
401
317
198
455
411
225
136
776
59
956
874
826
35
885
109
785
137
838
856
724
913
132
447
361
255
631
278
962
728
642
718
215
874
101
990
692
857
490
174
332
411
476
16
93
606
583
417
446
448
980
887
238
319
371
922
295
339
526
287
899
953
548
363
286
73
611
197
141
298
177
632
477
772
429
47
318
750
289
514
361
585
27
192
329
725
269
133
582
539
10
190
871
618
337
962
905
926
951
467
50
414
368
549
587
813
61
791
830
67
93
24
853
84
725
124
899
73
578
783
142
518
585
824
245
741
388
882
782
113
576
87
980
485
485
222
663
885
205
639
572
525
353
596
631
233
240
674
166
445
554
528
360
854
412
440
237
937
276
52
632
226
63
754
34
87
385
738
169
326
813
928
265
924
398
670
105
0
93
243
889
984
420
353
779
106
771
924
72
421
312
655
324
377
644
803
397
700
428
210
727
919
957
633
404
592
60
941
610
802
156
871
141
434
673
498
335
50
757
572
53
475
617
668
660
590
831
979
259
333
709
238
427
896
829
371
333
762
906
897
410
805
421
469
769
370
777
459
732
910
660
89
796
978
975
322
599
106
96
434
662
592
598
981
980
9
972
397
172
728
242
748
930
858
536
662
469
666
468
290
763
126
814
819
694
642
210
106
333
147
494
423
422
454
661
856
331
154
587
144
122
852
642
563
825
25
196
409
482
97
450
538
219
354
444
745
217
243
114
836
911
386
667
915
201
424
739
70
814
443
922
684
926
92
651
601
376
587
290
615
822
967
162
305
517
466
430
260
384
157
982
47
380
480
909
213
905
140
640
88
463
509
185
960
872
778
781
212
325
270
754
288
356
716
550
648
535
15
236
395
520
896
616
68
180
227
637
333
54
308
212
397
6
894
864
92
329
764
352
700
578
556
180
611
953
80
60
254
83
303
909
359
267
964
14
18
680
717
850
861
174
231
966
278
330
591
870
841
904
44
115
466
734
836
48
176
335
396
109
227
129
315
691
464
272
537
217
506
943
717
438
859
875
508
760
499
483
113
700
375
357
905
95
630
554
253
885
216
229
598
384
537
336
252
636
197
799
319
232
699
193
442
175
727
77
877
576
619
977
114
738
734
688
2
284
103
493
97
413
603
979
919
543
334
64
296
921
454
889
615
573
22
119
326
654
810
242
137
743
990
253
4
488
900
210
825
714
822
703
711
934
848
938
727
976
634
297
81
842
237
893
95
718
155
568
784
123
92
612
688
253
221
910
637
38
196
547
157
849
746
961
815
337
872
769
455
349
406
19
918
350
255
708
729
420
569
548
680
950
660
274
226
905
944
244
87
131
652
633
918
193
860
274
649
701
771
680
597
292
945
839
638
447
559
772
83
167
529
763
558
87
314
861
815
933
814
711
641
865
636
950
860
449
172
810
365
156
744
496
251
173
268
829
987
323
906
607
559
647
786
846
482
141
960
779
119
607
744
464
34
454
998
289
31
130
713
433
867
252
399
744
648
402
951
219
692
451
395
44
155
123
885
124
428
305
675
55
98
168
206
350
220
699
383
754
848
644
771
400
275
590
289
104
11
49
825
171
161
263
296
692
705
525
393
854
124
659
414
182
80
592
927
610
366
592
921
458
557
743
195
430
853
962
302
497
470
764
515
540
322
6
57
470
104
51
135
682
442
403
535
42
226
126
659
179
88
404
612
128
471
74
321
404
153
976
501
690
984
625
668
111
783
282
463
610
616
406
726
723
543
321
574
522
758
988
411
921
986
601
328
269
38
631
508
664
407
360
359
459
577
985
421
59
832
345
10
657
569
262
575
14
265
852
172
822
269
128
983
396
340
461
116
695
3
300
677
180
296
265
987
428
105
163
470
328
509
804
529
698
890
563
810
757
129
558
913
455
648
3
198
93
415
153
664
768
940
10
235
152
482
124
138
766
792
753
534
182
534
387
333
365
805
452
886
615
176
813
716
244
149
573
905
891
921
965
69
160
27
961
383
170
79
561
971
416
158
313
53
886
147
174
301
370
210
114
748
644
588
186
214
789
862
534
976
135
555
536
67
853
271
17
577
524
645
16
519
403
91
908
333
631
965
132
258
202
223
933
363
597
839
525
910
3
938
549
769
327
693
396
33
609
279
849
64
198
494
585
526
62
543
338
859
1
890
583
900
428
405
565
492
153
544
869
949
413
664
556
743
205
928
191
520
267
493
330
117
334
849
947
71
41
298
907
450
277
740
965
98
392
844
402
918
688
70
843
650
251
90
457
304
361
834
386
951
748
648
373
263
238
453
671
411
228
277
654
175
202
545
839
596
55
461
571
682
738
235
192
438
133
935
429
189
849
437
637
159
211
616
87
55
677
428
445
209
896
926
589
901
144
91
653
84
848
542
170
848
768
534
778
681
684
679
615
853
655
975
415
615
664
101
323
836
348
949
541
466
92
294
758
210
704
304
670
815
52
440
101
271
937
983
585
850
607
170
897
313
459
138
314
200
428
102
968
207
106
568
655
429
640
798
410
782
105
634
580
528
25
340
701
832
798
510
951
130
151
856
425
608
99
61
812
202
829
758
877
559
735
125
531
683
213
381
297
18
803
208
653
60
369
792
810
898
902
27
98
40
875
249
89
35
577
632
742
780
814
730
875
541
483
604
104
452
26
890
442
878
647
138
514
662
300
646
539
166
657
662
604
277
651
229
975
681
892
187
824
271
332
587
290
825
991
741
359
135
303
703
71
41
948
447
211
220
808
117
201
51
703
991
931
944
127
436
212
891
133
741
362
882
417
193
490
874
594
720
704
773
421
795
910
284
410
449
607
798
431
717
381
762
73
38
360
250
32
951
663
801
619
64
316
998
876
244
507
641
557
174
131
45
691
509
192
334
201
599
688
101
784
861
397
298
262
579
362
346
869
612
162
34
366
835
461
874
365
269
412
405
839
485
983
576
577
487
885
16
650
569
92
937
28
959
305
685
927
71
227
793
758
628
811
542
14
23
998
175
549
162
782
167
792
718
30
557
319
736
693
338
244
552
44
57
866
90
667
664
882
184
129
487
292
272
683
999
204
970
711
741
939
653
393
486
464
386
854
125
166
328
591
939
472
882
888
622
82
630
242
77
409
40
829
35
446
414
586
635
431
541
504
515
823
764
61
411
600
215
928
591
749
167
988
875
908
648
88
895
236
555
365
252
716
741
743
918
436
528
600
170
192
280
401
617
802
121
34
781
871
455
76
372
173
757
333
299
130
386
227
85
969
138
37
772
169
609
639
255
559
149
540
653
837
948
545
40
19
482
599
998
109
960
777
292
924
203
575
851
874
81
779
504
696
785
762
14
834
642
404
343
190
412
191
619
952
287
201
720
466
137
14
411
74
644
329
582
733
671
101
730
34
931
30
639
914
737
83
914
935
826
48
581
713
519
842
93
817
954
985
697
376
205
573
702
991
330
914
883
173
394
102
857
436
122
925
154
429
530
746
359
158
592
697
314
361
37
51
195
566
894
169
185
827
710
237
39
476
58
605
938
366
741
969
480
136
516
528
283
59
69
997
797
817
356
64
758
141
830
578
532
337
426
73
275
446
436
5
917
607
83
826
436
207
142
599
334
812
731
254
735
236
88
821
469
455
214
517
536
373
898
921
737
658
389
440
997
166
535
383
785
90
879
353
704
440
95
392
179
610
526
641
329
630
157
706
103
545
246
775
913
689
537
382
697
751
305
136
719
469
759
841
651
628
597
81
943
586
462
716
568
66
948
343
286
299
442
108
986
950
980
448
328
266
643
931
861
770
677
607
754
378
924
588
314
550
909
564
297
476
941
443
309
178
191
601
241
771
409
755
895
230
160
726
326
591
712
574
164
26
689
422
822
766
678
336
294
646
400
168
13
254
290
948
769
108
966
847
696
420
657
110
629
641
746
922
626
697
768
55
103
296
509
805
746
511
269
301
208
871
636
150
515
608
639
344
269
711
897
328
331
936
81
374
317
368
378
236
357
926
508
88
662
515
289
795
527
807
546
667
392
870
866
653
868
771
411
479
224
772
592
646
235
550
947
715
271
986
984
756
519
704
154
656
384
547
325
322
805
694
651
121
437
453
858
407
8
823
398
937
539
233
875
55
600
271
814
341
666
303
101
849
519
463
531
478
302
184
433
968
859
450
97
856
32
123
525
26
351
618
456
38
141
505
18
164
561
722
378
428
398
520
551
612
941
945
296
243
471
915
109
366
913
437
229
32
585
312
529
712
343
790
577
909
752
617
509
933
127
535
399
887
388
532
840
421
706
512
703
911
508
387
601
804
528
863
221
81
759
381
984
855
683
586
745
808
577
603
53
978
945
886
933
135
348
163
686
308
446
996
74
409
284
177
301
689
208
174
315
635
314
849
216
127
169
263
384
101
154
350
32
730
840
800
940
557
245
166
27
193
664
75
96
939
928
323
122
551
96
668
886
365
731
700
771
626
241
387
678
53
971
514
351
47
276
844
676
574
608
220
245
812
505
975
752
667
592
491
654
500
441
417
837
145
746
311
871
31
749
840
179
968
611
72
827
599
356
595
998
813
685
933
942
788
289
0
396
498
987
345
475
537
202
803
442
885
422
289
262
909
482
582
272
653
147
535
258
179
824
11
824
401
51
610
701
634
439
460
443
608
545
403
839
550
444
60
572
930
312
866
831
949
35
579
171
117
138
39
126
3
370
294
443
201
2
714
18
214
323
517
677
373
795
187
988
778
174
891
395
663
991
970
986
959
245
881
694
641
9
881
430
102
15
956
440
582
163
637
909
744
182
106
178
977
449
73
608
47
737
617
215
438
596
994
47
563
59
80
719
471
368
356
313
630
962
355
533
416
110
467
534
328
896
476
626
267
315
667
373
603
189
101
864
109
214
721
318
576
291
846
496
895
382
616
441
625
584
861
508
543
282
221
341
189
288
953
301
900
687
507
634
279
689
519
310
37
30
632
319
631
701
861
799
403
780
278
389
712
364
922
444
538
72
74
922
904
287
108
547
964
656
288
727
259
806
55
817
782
484
366
18
480
690
421
310
218
473
652
717
939
956
528
324
251
663
667
621
401
228
890
76
355
796
635
436
383
515
510
786
176
735
259
599
299
530
828
4
835
238
445
433
169
656
985
430
264
264
263
462
32
856
29
897
401
11
867
529
843
201
691
143
555
272
575
230
544
436
700
688
719
570
822
297
388
633
140
873
362
643
126
221
197
555
260
384
469
926
232
918
950
351
254
185
990
374
275
992
863
961
196
540
374
526
113
749
234
767
922
133
137
287
144
587
487
116
935
746
129
493
906
571
601
166
864
809
754
274
478
715
719
368
93
799
199
881
573
909
164
41
266
986
380
476
670
230
776
971
183
488
219
383
226
368
116
182
32
437
928
531
464
913
465
26
638
537
708
740
386
417
290
80
956
576
621
283
215
808
358
962
443
16
316
61
223
869
631
646
278
167
789
730
746
80
341
479
695
658
307
695
201
825
844
683
320
111
426
268
219
655
418
798
467
268
963
783
858
155
170
142
739
853
356
175
459
698
403
142
904
435
677
897
289
438
641
523
463
399
28
551
819
325
187
138
552
779
514
60
785
984
412
431
790
721
916
265
971
389
363
839
218
434
538
219
155
238
387
216
104
80
235
506
310
584
323
971
537
452
215
428
822
333
318
449
887
594
724
888
275
299
52
571
364
592
274
860
693
195
136
945
204
627
55
768
452
418
64
772
342
489
659
216
713
627
40
467
567
592
309
422
594
483
656
210
687
909
540
509
729
723
601
142
569
342
231
527
629
258
539
579
663
689
334
240
128
40
82
470
141
970
399
336
312
516
709
267
305
218
34
877
319
688
310
808
17
130
13
231
458
752
996
376
45
684
304
107
205
662
532
314
233
514
762
593
974
656
172
431
348
485
114
237
141
168
446
887
748
496
151
585
715
532
35
557
271
474
297
218
704
564
133
726
779
143
365
639
818
838
284
494
328
440
181
349
341
765
547
194
432
470
598
853
102
373
608
847
510
587
616
228
615
33
215
610
492
841
681
250
783
518
479
958
995
713
371
996
454
686
499
954
591
222
113
786
485
110
322
456
169
687
230
50
324
807
760
47
931
425
687
227
962
64
539
434
951
466
555
987
481
427
847
799
289
750
890
929
959
716
138
928
968
502
147
387
910
837
337
453
433
309
861
90
381
828
833
168
340
993
111
689
581
931
719
0
900
888
623
617
12
384
137
983
243
592
111
736
382
523
634
187
644
742
883
918
991
147
385
353
80
888
613
191
610
824
362
237
578
763
50
907
61
290
980
748
35
118
602
81
675
785
226
250
527
36
707
583
440
499
571
516
941
110
446
140
353
713
914
63
90
175
337
415
449
58
990
223
535
302
67
197
421
151
811
282
815
872
19
447
305
653
119
666
698
683
194
209
752
654
861
438
445
916
924
548
985
529
606
585
175
505
996
885
412
205
667
330
94
760
245
891
321
290
876
378
744
231
177
557
217
456
44
497
498
914
989
434
99
989
851
114
236
848
75
200
369
443
195
314
955
278
79
862
920
304
347
173
710
442
986
905
780
837
959
17
113
929
442
531
457
711
406
801
5
586
33
527
939
345
219
331
838
600
418
790
695
808
620
210
76
140
951
229
472
734
686
877
770
321
469
548
883
416
535
975
618
806
261
433
235
304
842
885
728
736
661
131
469
899
903
290
866
909
598
528
181
835
192
902
958
746
684
920
127
39
622
139
988
198
497
583
991
998
130
583
616
524
714
134
922
584
756
621
649
469
264
595
795
973
799
556
244
228
512
708
103
195
938
974
106
744
371
896
409
20
425
746
646
174
983
71
735
390
394
50
304
140
484
709
595
266
177
710
973
855
576
627
955
22
876
31
972
30
324
549
153
179
496
261
898
421
845
469
443
759
386
834
255
539
532
711
788
748
423
340
335
84
774
787
449
799
413
967
971
239
996
510
973
730
231
497
605
137
412
649
582
114
884
868
775
648
950
696
510
897
449
135
533
665
200
948
51
326
411
686
958
387
67
2
391
448
333
925
6
258
68
418
849
327
464
457
375
749
19
785
362
715
54
119
844
720
991
503
688
850
854
891
405
554
649
42
551
487
164
426
654
320
164
913
331
254
518
544
415
256
987
122
567
345
392
259
862
199
251
564
913
533
848
766
792
956
893
669
59
518
202
752
644
155
558
758
812
431
94
714
800
883
374
874
581
450
733
396
721
120
820
498
509
286
615
65
680
337
688
412
685
892
48
598
920
499
840
368
308
146
823
959
977
940
668
465
252
608
6
546
104
329
42
2
884
774
197
249
172
577
122
127
124
483
886
533
434
616
339
879
460
599
226
446
474
341
860
649
893
378
187
596
0
812
228
492
446
267
592
425
453
85
91
157
769
770
788
532
683
370
655
292
835
742
175
679
364
61
448
127
207
536
443
842
483
848
499
942
228
94
81
799
249
171
923
870
939
57
946
212
546
226
587
791
466
207
198
876
262
676
894
934
363
306
224
989
633
549
639
587
189
727
367
291
298
676
985
659
114
256
671
596
607
478
209
655
775
843
406
122
328
825
166
588
688
128
704
845
608
394
704
681
521
158
740
158
720
809
846
708
470
567
628
349
835
487
327
885
652
248
265
380
571
518
970
169
670
426
804
697
650
161
22
273
41
60
374
600
105
608
347
456
112
870
137
774
205
982
718
40
145
935
125
552
5
594
513
478
29
768
172
402
6
225
120
898
28
783
798
456
431
179
61
136
303
262
566
353
774
753
966
937
996
633
227
414
729
189
506
643
646
779
504
759
5
563
263
652
922
969
660
207
682
992
303
467
539
285
707
435
140
194
318
648
111
52
627
151
148
808
94
47
792
457
383
209
285
749
523
121
92
632
496
972
384
353
888
730
173
700
703
782
449
528
296
804
322
354
804
587
448
321
997
331
204
323
515
832
264
888
636
215
369
310
425
280
915
629
599
229
556
252
51
562
156
810
690
294
155
914
824
185
892
361
367
926
312
810
722
115
670
220
146
798
209
218
457
298
426
19
493
987
665
363
903
582
798
162
493
797
68
323
869
354
520
696
859
521
942
100
413
186
78
49
261
63
301
324
718
371
382
93
594
356
938
443
995
291
686
839
969
714
444
855
476
605
989
695
403
595
846
59
188
814
304
280
764
689
492
739
689
483
790
250
430
714
745
578
415
545
676
393
582
772
828
765
605
859
426
252
125
885
6
534
158
711
12
415
640
686
790
97
738
721
970
186
264
922
613
610
674
839
472
744
603
188
227
293
264
675
343
401
658
686
32
588
165
924
411
488
377
11
667
477
816
118
555
965
634
639
767
826
102
845
555
340
738
737
809
591
116
790
725
4
906
784
995
967
327
678
252
665
663
186
988
639
533
113
719
251
506
310
358
425
145
340
948
301
193
452
670
331
947
811
939
223
740
216
128
630
189
605
367
180
993
523
848
95
79
251
720
4
889
874
466
665
676
44
756
739
217
621
603
561
123
756
361
353
2
352
590
289
111
744
364
632
833
54
968
38
535
19
822
553
527
825
332
177
847
780
626
439
490
323
23
385
669
46
448
753
570
48
237
336
876
239
164
917
845
906
763
642
101
242
136
288
132
379
659
345
233
317
750
711
195
663
115
820
960
747
663
617
293
184
85
843
86
179
999
298
502
159
113
764
561
223
550
970
687
82
311
233
532
295
400
468
558
768
685
328
726
563
86
200
523
430
615
402
995
756
179
337
244
454
290
12
122
603
264
656
913
731
80
425
790
224
625
223
465
255
240
358
349
605
805
662
812
949
698
53
212
873
258
961
478
455
263
443
809
198
559
768
266
152
687
650
408
331
552
318
381
835
673
807
31
626
757
691
519
227
903
748
697
3
635
698
118
849
159
791
534
463
722
796
170
425
315
386
674
942
85
395
202
173
882
553
626
554
885
807
205
473
493
959
298
97
23
604
346
581
570
546
561
263
657
58
89
654
772
562
995
794
977
764
327
492
386
926
343
420
982
898
166
454
356
839
982
212
676
639
547
386
481
874
810
333
509
244
455
270
99
322
133
30
987
731
662
42
633
700
509
200
847
452
738
194
380
754
71
276
396
292
377
25
571
161
17
354
501
105
435
657
959
259
966
667
955
503
845
92
303
637
574
976
128
718
921
975
78
58
235
928
295
185
228
745
984
542
341
110
937
224
934
760
17
947
263
664
265
583
21
636
469
176
336
769
249
614
291
402
193
13
571
912
28
239
459
355
721
297
991
792
129
19
128
547
791
644
144
318
614
77
302
298
363
741
252
710
715
357
855
806
93
637
991
381
331
743
703
687
780
225
367
768
6
273
161
241
35
588
313
636
778
920
72
349
447
972
826
100
805
228
662
305
611
160
526
895
484
279
329
596
556
808
917
279
735
834
912
859
660
469
897
731
771
416
914
694
811
956
522
654
111
641
192
811
506
728
866
653
312
569
207
426
366
973
513
205
565
614
303
672
507
958
377
891
227
397
454
189
774
231
83
186
306
310
733
957
698
236
513
264
182
627
641
83
228
400
842
369
823
893
684
977
111
407
817
275
785
63
282
249
49
85
678
224
605
313
5
471
571
796
628
976
78
303
513
724
85
681
17
932
845
551
680
629
400
151
937
220
701
215
727
546
42
484
60
633
232
796
767
800
670
199
723
676
457
580
901
304
810
928
966
765
815
229
419
973
535
976
809
701
704
947
389
545
92
613
866
453
796
734
748
185
930
455
429
660
389
737
854
29
433
166
273
845
694
5
228
609
66
649
857
567
905
492
299
198
692
104
91
131
143
935
180
657
56
323
732
865
725
888
460
131
220
401
106
788
753
720
709
464
244
850
392
609
425
378
67
16
804
573
614
756
972
343
31
201
839
243
502
403
622
976
775
867
291
90
752
921
344
815
732
955
474
12
847
724
462
734
963
768
315
85
898
823
984
661
237
433
303
336
732
25
786
849
591
285
996
138
925
140
828
96
834
753
862
781
774
751
226
518
300
246
505
686
64
933
733
499
773
152
400
240
766
588
0
579
203
920
618
967
615
54
644
669
359
859
207
718
309
635
541
524
358
265
351
338
584
398
82
761
817
950
243
508
68
891
825
678
181
869
826
915
239
143
544
236
619
992
701
671
476
496
237
911
921
433
292
519
282
401
136
181
583
749
639
212
221
375
899
418
755
483
525
764
564
759
825
871
429
433
1
865
418
325
996
134
276
847
392
623
102
998
613
864
720
418
556
801
931
888
409
207
966
139
244
284
480
964
94
173
343
717
154
810
168
827
505
251
680
163
948
25
643
422
779
978
915
159
659
9
252
381
312
518
589
468
743
226
993
929
503
877
879
637
440
163
574
505
301
917
893
524
647
316
555
313
674
291
58
892
539
254
897
518
954
421
602
431
940
21
232
460
749
17
830
313
764
333
908
112
927
84
179
635
873
538
676
182
185
636
843
97
716
166
626
68
382
285
19
940
917
551
909
541
375
992
724
584
493
943
258
968
775
840
2
455
170
178
895
718
208
443
632
277
407
59
158
439
260
847
825
2
449
447
392
797
933
266
592
83
155
296
600
104
14
337
866
433
315
476
291
712
487
210
591
960
451
764
495
750
565
209
740
809
241
21
169
492
823
903
436
465
511
914
797
888
890
791
242
112
707
352
226
669
543
335
320
931
456
24
59
690
280
237
524
187
692
801
311
65
454
799
990
179
408
68
298
401
430
786
339
757
443
942
250
197
439
212
229
998
119
569
91
891
237
698
601
373
362
299
779
293
313
450
31
393
462
942
439
827
735
738
405
424
546
598
268
543
87
136
156
760
367
574
23
392
813
655
434
474
739
707
654
431
433
649
767
370
914
704
676
757
687
895
352
424
736
120
0
132
175
466
983
74
824
431
334
337
159
542
760
312
240
434
597
72
692
554
213
326
698
970
48
960
13
569
900
630
661
292
590
27
704
396
788
587
738
516
162
583
275
318
979
503
744
870
467
752
212
390
51
806
681
572
253
307
449
441
736
401
130
347
534
701
217
949
924
436
822
117
225
554
705
847
299
152
755
856
399
342
193
518
999
610
420
326
337
79
812
485
517
890
878
963
679
265
571
517
710
85
483
42
900
153
2
289
128
459
242
913
952
195
913
824
50
793
637
496
237
500
229
583
707
504
105
806
994
704
701
20
740
485
754
11
147
621
333
404
145
343
868
79
39
230
430
566
860
204
747
258
937
897
604
141
434
444
172
986
103
713
783
514
340
844
665
961
814
373
643
784
767
981
690
308
924
79
112
62
893
482
326
76
380
239
690
169
634
934
830
833
446
557
609
887
807
931
875
810
100
234
955
853
146
644
226
534
759
248
869
234
580
220
879
327
328
437
478
737
674
221
831
121
351
212
748
323
709
770
733
695
863
668
533
635
170
557
622
911
47
879
695
601
323
874
373
369
891
508
344
823
963
41
320
612
33
525
847
143
814
176
289
433
5
242
25
987
463
503
21
270
950
524
357
978
328
619
936
12
838
875
905
162
646
460
600
513
525
753
563
729
929
454
750
822
623
772
88
59
688
523
960
194
906
376
472
319
468
423
857
278
289
907
87
626
832
259
439
480
515
791
166
530
832
468
252
112
861
107
689
908
943
217
902
949
84
803
895
871
655
744
119
409
484
539
437
151
140
785
534
152
811
944
170
363
801
569
395
998
286
343
108
119
594
136
239
782
931
44
98
482
536
363
634
323
14
188
968
505
689
404
739
387
805
387
703
874
85
669
404
695
52
679
170
642
514
697
828
621
553
747
562
600
497
555
11
462
592
606
314
56
566
508
841
952
313
473
899
545
204
169
735
565
197
188
778
31
775
499
915
378
173
202
613
969
424
382
785
409
586
720
114
236
132
210
85
135
198
730
976
918
413
29
234
951
346
118
612
364
488
239
679
181
598
334
357
469
406
164
116
268
180
867
857
613
715
718
113
904
749
485
926
907
938
464
215
413
779
660
665
627
967
332
757
606
61
18
210
277
339
246
933
823
446
486
805
515
379
727
260
212
838
82
355
487
505
179
381
495
127
574
240
331
562
523
183
446
842
460
363
167
318
763
18
306
808
498
304
943
228
725
790
921
457
203
345
2
347
973
901
885
376
797
185
356
826
507
684
707
412
580
624
516
177
109
622
933
113
622
706
887
565
922
896
648
485
397
359
324
200
135
334
559
396
209
428
414
815
77
684
78
293
635
577
765
18
465
918
136
258
59
209
780
431
387
697
226
156
699
102
461
0
440
472
405
180
257
906
49
88
513
768
0
659
593
583
720
914
506
12
795
27
112
327
279
370
379
777
933
820
707
357
253
954
993
731
295
72
870
402
405
175
350
447
359
807
989
81
719
441
229
167
6
92
494
812
478
198
480
577
731
182
965
988
604
775
386
992
781
536
311
13
690
874
685
929
493
385
608
823
0
911
357
879
546
245
557
566
3
931
530
768
98
602
658
635
18
376
2
62
168
387
21
74
944
722
869
583
720
393
33
874
333
139
400
501
477
325
828
199
309
88
394
950
196
255
842
483
831
938
250
677
438
867
848
537
575
223
279
704
42
486
329
305
621
911
662
384
240
901
708
703
452
695
960
652
631
743
284
563
211
384
561
966
561
262
511
898
55
385
314
52
441
674
895
36
295
281
704
272
28
53
772
308
87
510
907
329
997
480
88
147
926
137
624
288
951
517
906
430
921
487
399
780
351
547
308
531
693
274
110
70
479
53
701
632
704
30
636
829
333
771
768
892
809
356
150
931
474
928
34
252
611
242
982
735
187
890
320
567
678
185
719
913
987
757
351
762
86
486
642
1
895
808
10
693
290
402
412
576
744
678
607
260
326
171
534
925
813
767
18
695
482
512
700
329
87
141
753
635
921
384
374
316
155
599
142
759
635
211
170
598
523
537
440
895
403
991
552
590
773
897
203
316
169
21
940
543
834
300
275
498
657
194
608
942
33
575
365
912
706
383
439
301
858
927
990
676
473
929
787
363
363
658
778
837
635
218
352
706
198
683
230
607
646
125
375
743
433
986
822
450
433
790
332
454
709
857
657
435
303
176
784
267
95
240
56
746
840
341
175
898
898
394
570
602
304
657
963
976
171
502
994
516
343
575
144
680
251
223
712
13
959
731
878
95
393
956
756
843
113
366
370
359
102
121
886
828
344
238
221
128
351
612
73
799
795
315
36
371
878
272
67
97
104
27
894
493
201
6
7
473
612
311
921
794
658
671
179
780
612
52
717
312
453
692
122
66
983
394
351
775
965
374
275
687
234
0
679
807
376
942
40
291
330
623
371
298
166
974
88
962
21
554
346
102
478
237
846
861
930
628
762
373
568
783
832
23
444
90
642
845
756
435
800
729
324
253
753
200
674
844
894
655
316
169
261
772
872
96
356
41
28
105
964
36
192
108
105
498
896
705
679
574
398
46
335
68
16
426
658
219
446
682
53
754
607
57
869
218
532
6
405
4
965
417
910
333
859
309
335
207
581
292
477
354
575
687
100
363
664
334
399
235
194
776
660
163
304
882
603
566
339
821
921
233
29
355
576
990
738
234
937
631
627
501
981
777
469
854
192
214
818
673
383
360
847
765
684
867
181
580
455
338
83
982
935
981
340
520
961
969
517
82
504
25
923
482
926
596
786
467
882
838
168
106
203
867
779
947
36
393
312
518
136
518
78
816
655
586
386
176
858
622
797
943
964
421
259
123
73
489
909
30
547
922
233
570
314
419
119
432
964
581
136
106
687
480
83
773
698
695
184
395
546
459
160
255
188
931
724
586
437
835
205
934
274
770
828
506
126
680
908
221
430
48
693
486
635
834
770
187
552
196
884
448
634
458
408
811
920
516
774
462
59
399
492
156
256
463
139
784
372
171
937
202
496
25
550
3
533
811
330
211
112
130
935
881
681
755
787
827
81
839
394
918
771
647
265
560
325
391
413
316
278
875
677
79
402
752
181
40
724
108
637
885
451
240
922
204
576
948
763
566
463
716
470
787
428
274
772
130
488
261
34
752
92
240
818
979
29
13
585
719
577
812
546
905
745
422
723
434
695
31
15
950
33
972
188
941
375
65
477
738
626
550
146
474
853
339
31
383
897
673
130
126
947
11
593
14
577
813
52
323
741
924
670
17
632
974
330
452
515
35
756
303
562
588
797
371
858
707
435
355
165
907
785
623
483
417
298
149
475
860
988
126
138
241
74
392
508
938
514
199
777
896
273
938
457
478
332
300
195
272
832
847
937
668
812
768
393
903
397
295
304
323
442
837
104
296
554
355
316
857
187
728
344
520
68
339
414
637
693
618
975
194
773
699
423
754
844
161
372
340
538
90
104
43
856
182
108
792
118
537
584
266
628
389
425
172
933
554
946
23
889
192
798
258
26
335
237
208
809
372
373
993
658
294
322
635
341
394
185
898
990
924
17
13
487
503
252
115
645
287
901
910
832
852
593
247
271
834
403
451
540
703
675
284
835
21
47
259
537
441
853
940
610
386
727
26
939
590
80
238
658
593
838
650
427
472
240
34
708
93
586
381
627
732
511
336
670
501
6
155
684
26
192
409
402
916
929
778
296
745
725
123
877
114
189
369
480
586
714
26
449
664
857
509
800
233
208
962
908
855
336
876
622
591
3
790
702
90
16
748
702
498
956
820
959
144
27
741
865
307
248
951
591
451
929
123
617
254
583
140
43
251
580
981
255
846
414
661
831
140
19
801
597
879
869
233
470
100
600
286
516
410
793
305
444
246
386
592
704
581
707
541
789
585
155
647
855
240
808
597
859
417
915
40
557
425
815
32
500
981
27
762
507
249
398
209
769
424
523
59
515
733
446
765
305
265
885
57
222
421
826
566
3
323
480
417
455
640
171
747
48
445
69
547
437
838
831
246
543
250
741
212
644
733
221
804
966
890
769
475
292
309
899
1
464
984
505
660
529
300
337
369
97
730
198
560
810
234
651
160
188
340
847
355
210
574
410
115
598
878
912
941
602
96
716
957
424
41
582
42
84
916
736
819
81
197
453
498
889
461
978
624
882
966
290
801
933
520
949
850
240
299
593
112
446
173
524
490
517
558
248
682
25
970
816
176
415
862
818
368
76
47
886
773
479
448
694
637
901
803
333
319
148
810
501
115
793
437
292
281
822
718
679
244
318
444
50
752
427
557
918
258
602
24
772
367
517
298
786
336
498
926
11
996
562
954
427
926
140
520
780
705
634
59
226
401
301
595
934
716
733
770
17
32
763
391
295
399
819
611
470
609
476
363
991
48
634
397
876
602
117
558
75
66
235
699
346
440
604
878
219
466
325
340
18
635
455
653
133
252
584
68
59
248
883
320
304
340
268
153
688
206
118
423
217
365
816
951
671
657
997
255
218
565
715
461
538
786
175
50
990
6
302
773
505
357
903
510
774
894
48
359
646
882
206
490
40
528
89
943
704
197
542
956
498
266
863
211
992
54
481
326
827
437
372
182
631
817
16
148
946
433
542
271
407
319
205
104
165
646
678
922
893
211
137
415
116
987
409
22
277
246
766
961
164
946
410
334
206
587
71
420
692
66
534
33
34
516
842
881
475
732
959
258
23
699
813
566
224
839
514
984
625
786
22
402
8
932
248
927
869
171
210
780
371
139
488
605
232
17
143
405
640
268
220
205
358
670
130
617
925
94
248
232
979
106
74
907
927
420
470
7
901
386
946
886
136
387
85
138
880
446
963
764
588
125
501
604
729
978
16
210
883
953
668
93
387
255
344
394
211
665
37
743
758
591
624
664
163
242
755
65
731
204
758
13
272
103
58
183
913
26
231
792
787
847
511
712
539
752
322
592
241
547
195
655
767
227
418
547
651
65
612
10
944
2
816
250
668
235
59
790
557
987
599
778
581
64
263
353
64
501
94
660
356
410
105
150
665
740
570
166
288
143
214
413
552
865
25
537
543
176
193
392
254
655
80
553
0
125
862
936
469
647
814
800
450
527
911
758
827
196
687
963
323
924
107
370
531
127
106
907
921
279
58
543
931
293
162
773
805
941
691
964
896
948
1
178
443
97
742
589
573
130
208
272
28
89
282
328
496
671
73
663
852
590
240
449
462
781
702
61
12
656
349
63
129
407
239
467
280
480
868
412
793
231
639
774
698
173
946
320
400
150
311
847
406
319
769
671
356
544
386
547
428
39
654
207
897
869
943
307
161
733
83
347
853
426
851
813
886
480
293
802
442
838
572
233
679
370
431
889
535
549
735
629
117
553
637
797
799
496
899
378
77
839
625
866
457
955
12
541
935
402
426
814
159
14
137
102
560
37
920
134
255
76
102
140
168
358
778
49
309
455
954
560
277
478
184
328
254
138
658
773
678
332
201
516
726
270
420
702
424
618
918
328
251
950
205
720
461
310
773
298
608
763
20
236
32
723
663
214
764
304
157
903
506
53
922
956
496
279
367
553
441
264
552
741
132
306
294
441
899
122
534
770
450
979
377
295
175
877
182
356
146
164
709
753
836
278
573
997
461
488
57
911
800
592
934
534
378
592
752
647
875
273
421
39
531
439
138
593
25
868
76
706
736
135
578
652
572
950
658
696
788
657
633
999
719
913
855
219
643
33
26
417
572
868
778
570
723
95
477
490
159
320
363
568
512
784
397
200
945
869
361
389
981
626
841
315
206
931
93
659
458
468
398
336
735
938
629
411
1
140
707
850
249
322
810
670
319
151
628
964
908
299
83
372
257
476
488
321
989
47
871
376
293
209
747
956
596
747
982
497
749
613
900
272
150
121
865
787
952
892
800
250
972
201
902
988
936
903
982
753
122
123
629
472
725
185
785
869
874
415
62
886
992
98
33
325
47
358
961
352
73
440
42
864
906
694
651
471
746
913
331
549
920
881
792
172
505
866
56
99
153
63
771
752
930
956
376
618
147
904
976
917
754
770
312
351
733
826
611
171
357
756
839
916
949
41
694
820
258
271
936
941
203
434
999
624
402
394
803
188
147
791
239
618
172
706
940
759
806
574
276
561
12
295
946
565
569
482
424
416
783
957
401
428
885
504
848
150
121
396
784
654
70
211
830
247
983
81
12
871
197
377
592
233
893
171
156
409
166
708
518
7
521
566
491
865
18
874
872
98
974
259
857
759
893
589
742
947
178
806
290
209
1
531
717
130
360
566
269
400
145
759
961
67
783
281
614
985
511
607
837
355
490
590
157
358
688
972
717
215
926
337
829
27
410
101
29
86
111
514
989
922
173
996
951
418
594
830
474
335
999
695
961
163
836
309
116
204
14
104
180
435
266
674
748
86
34
774
119
515
551
55
549
934
935
778
442
469
546
22
144
890
904
58
211
184
357
113
837
857
687
194
540
111
415
666
537
650
342
166
259
490
427
75
83
62
682
393
528
284
174
672
526
665
674
777
467
363
269
8
418
77
316
73
652
331
229
937
515
719
529
357
472
667
656
473
720
200
148
754
59
46
191
212
590
645
782
628
825
68
195
853
90
128
69
37
587
839
203
885
66
492
577
588
464
358
105
222
261
517
93
772
98
525
876
851
670
318
724
81
133
786
399
973
917
545
65
311
99
730
241
760
710
979
494
259
922
690
436
611
569
613
70
983
388
143
990
572
400
372
19
770
919
591
555
850
795
65
985
46
227
453
656
353
495
154
313
232
982
217
561
473
35
359
655
387
659
141
396
207
778
70
212
254
159
441
972
435
453
928
69
322
387
344
632
768
70
194
322
301
229
305
729
184
725
901
911
913
86
183
367
133
638
342
334
21
581
417
373
528
217
110
740
379
515
627
528
886
449
83
368
649
997
979
596
198
230
581
231
881
829
284
815
501
643
154
514
256
593
951
884
474
480
627
54
922
227
573
577
666
713
236
787
692
535
847
993
517
509
248
726
841
728
278
827
311
289
443
600
70
51
595
737
928
466
926
484
46
355
648
418
845
774
879
709
471
843
404
625
684
820
486
69
507
607
187
596
108
904
881
231
968
564
556
877
91
536
728
366
80
179
130
868
773
145
434
283
489
602
268
603
788
554
151
188
982
738
620
257
211
416
643
303
684
186
91
584
473
808
721
987
742
499
188
79
44
632
294
920
946
706
173
680
532
399
66
802
602
609
769
587
252
585
179
738
348
655
881
81
132
308
633
732
915
491
110
682
562
949
659
50
435
805
440
16
92
411
24
887
632
157
18
465
711
235
599
781
552
457
187
233
436
122
624
168
708
619
535
877
845
567
160
433
243
689
277
178
260
942
625
444
959
836
30
716
77
558
360
867
278
530
932
775
831
404
894
728
627
492
993
578
887
861
471
14
586
672
547
606
373
481
133
729
472
711
663
571
149
578
582
521
976
488
851
620
7
905
378
796
639
236
130
798
295
505
462
65
609
208
164
149
774
810
620
93
449
903
355
367
807
383
889
762
486
701
567
319
267
977
213
83
336
893
411
500
686
770
278
649
383
811
694
831
424
546
126
305
100
674
667
848
708
894
944
396
878
984
593
833
692
36
575
790
543
253
492
978
523
760
31
319
444
368
826
11
57
442
658
997
561
810
279
701
819
397
77
255
82
601
793
994
441
97
608
140
475
22
77
472
814
643
105
882
185
519
368
530
723
776
497
288
662
6
222
719
421
13
190
892
793
568
151
809
682
10
727
149
580
190
61
863
344
723
852
475
765
584
944
564
14
966
427
554
165
173
650
333
104
927
620
723
564
45
3
159
199
222
550
627
931
127
621
439
975
368
127
954
432
403
369
463
832
954
432
732
757
977
369
920
238
154
206
115
410
712
804
867
17
478
195
332
294
952
358
127
118
242
523
502
202
960
276
222
395
590
768
14
287
993
772
727
38
77
62
229
275
161
899
94
7
888
287
352
136
1
989
727
490
145
368
23
716
991
954
703
695
248
426
847
298
549
603
875
961
146
266
785
31
504
984
943
354
165
954
568
78
826
821
217
893
709
262
214
541
680
737
251
570
906
135
472
30
653
262
196
846
640
636
221
711
533
643
159
249
85
292
580
210
659
813
978
366
862
4
331
478
659
921
9
638
907
127
920
115
529
732
857
773
670
490
772
810
720
276
125
732
489
900
547
243
948
740
269
797
669
436
349
181
313
620
66
826
659
370
712
650
617
886
971
903
486
884
460
984
290
706
867
619
583
347
117
354
893
803
520
387
256
828
37
540
936
528
685
607
634
336
392
890
341
948
753
475
95
612
566
818
681
343
582
575
408
241
268
413
374
786
267
879
817
493
954
603
809
534
235
532
672
696
831
788
37
30
364
969
409
736
625
823
246
481
112
503
837
622
461
687
951
593
759
561
678
479
149
880
429
110
491
161
677
396
853
455
793
828
835
249
868
290
501
207
858
1
169
155
573
106
419
133
473
248
348
34
465
802
998
741
507
312
638
438
921
650
843
931
146
462
607
652
281
40
780
107
68
206
640
596
919
436
188
409
162
662
25
441
633
749
828
554
434
852
268
780
740
875
441
720
78
331
759
897
54
27
836
50
643
450
54
664
245
470
768
330
531
564
727
774
5
345
296
77
588
561
844
450
766
991
614
719
791
564
780
945
892
722
837
796
33
507
579
282
518
726
256
872
237
339
493
266
471
814
545
536
560
625
239
488
304
653
515
751
235
801
798
602
867
175
672
498
973
970
558
143
538
229
468
12
454
256
540
763
750
188
48
778
389
346
500
551
184
254
392
872
508
106
348
222
116
864
324
3
343
623
207
257
704
507
779
813
272
638
955
356
930
699
228
884
565
381
12
534
72
227
747
763
224
894
607
933
141
774
499
855
238
530
383
479
714
591
54
339
762
996
771
514
395
83
838
93
95
41
638
645
998
202
575
567
145
471
390
709
744
393
690
990
740
179
886
906
399
483
716
46
211
889
356
183
129
811
885
573
363
224
811
941
60
779
426
52
318
723
690
72
323
177
419
41
144
409
619
481
656
685
678
855
125
70
21
922
948
860
634
188
41
944
675
253
184
368
877
754
703
427
602
550
648
622
462
335
195
182
127
924
443
206
411
310
919
107
487
836
36
710
141
195
945
106
245
189
668
575
527
66
243
711
935
53
14
423
155
361
315
808
665
803
89
254
876
953
297
688
809
35
873
273
485
545
412
966
409
974
103
746
465
843
564
359
601
735
852
13
89
302
217
487
826
695
754
844
825
954
107
620
524
249
308
269
771
655
456
132
769
839
449
495
338
870
273
970
151
59
660
864
344
502
221
541
378
255
431
658
801
176
181
601
735
982
715
385
126
331
310
868
258
96
729
407
51
322
194
33
82
106
765
880
329
233
472
873
728
683
174
950
69
180
103
909
27
48
375
814
935
79
654
253
759
834
569
569
531
375
600
156
225
427
95
5
940
232
720
274
692
492
408
641
220
684
833
249
552
809
633
948
605
563
153
560
254
987
656
807
267
829
745
835
125
422
642
150
864
626
6
425
960
737
622
459
103
106
619
605
173
937
896
219
105
910
917
341
671
502
278
679
467
181
798
382
661
803
766
732
814
239
51
590
161
554
903
564
821
254
622
920
626
646
939
795
890
871
276
804
43
168
92
18
130
854
447
765
426
59
891
903
525
824
254
921
802
88
170
155
271
167
752
420
289
234
604
811
210
969
773
813
346
787
280
624
281
200
525
71
883
757
274
319
454
828
534
921
256
98
177
170
605
45
602
519
943
773
562
909
798
41
399
47
195
774
395
265
735
268
150
741
369
10
769
836
688
91
493
216
614
352
275
743
534
248
981
218
15
413
84
231
488
697
596
307
311
17
821
516
565
265
356
335
396
472
297
117
732
918
946
316
298
931
112
51
490
601
143
637
103
852
276
890
296
705
555
514
589
789
543
387
866
95
389
765
115
881
915
260
418
771
156
318
908
993
471
6
234
319
866
480
679
561
841
501
333
455
148
9
102
137
839
156
759
823
483
830
87
517
205
399
601
45
605
206
453
709
202
487
14
314
301
642
624
629
547
186
200
109
463
651
793
885
359
840
388
440
781
452
279
434
353
871
393
593
756
83
813
860
984
880
101
426
887
68
458
151
994
799
289
682
572
23
247
706
349
423
152
402
178
669
764
538
909
52
932
665
753
407
811
472
330
303
560
960
210
359
108
535
382
933
479
423
459
220
455
47
355
928
780
558
788
338
557
277
491
749
143
436
492
520
608
184
350
149
711
844
141
464
910
501
511
684
210
970
860
299
819
668
519
349
951
219
402
275
547
873
777
44
213
779
14
119
308
644
989
778
433
468
160
690
74
82
246
348
179
661
727
132
376
410
587
644
674
89
564
576
30
400
817
55
116
260
877
252
653
581
23
517
558
154
571
996
213
85
281
261
874
760
924
711
808
120
134
814
212
336
962
992
477
705
258
799
548
841
90
390
262
266
61
736
15
613
54
693
586
166
913
262
38
690
836
915
203
494
800
827
86
521
572
628
929
181
508
868
70
946
109
287
461
516
77
769
220
790
273
446
391
758
271
624
440
875
757
210
56
4
593
619
607
435
50
244
673
67
415
53
194
157
839
885
147
225
576
457
612
555
644
39
932
68
81
659
872
59
504
946
736
667
353
397
880
495
964
184
334
611
819
652
455
988
702
481
159
835
431
840
656
406
728
376
922
688
601
647
149
523
270
364
787
114
448
875
729
579
939
144
943
141
464
695
718
879
268
955
745
98
113
766
608
303
603
249
713
683
525
140
111
402
533
288
392
218
686
963
305
730
741
244
941
298
158
719
566
964
87
75
27
540
925
282
978
669
30
801
832
500
775
889
391
296
687
429
607
930
867
614
249
449
587
883
407
497
5
228
144
309
697
496
763
539
469
942
305
552
450
529
680
59
174
920
109
734
875
85
434
746
159
979
224
402
982
422
598
3
14
230
315
906
313
460
657
478
480
264
147
464
357
50
296
129
378
991
944
403
920
974
742
242
99
484
223
644
804
269
106
318
719
4
808
137
135
93
286
822
758
809
89
310
857
633
433
557
338
367
65
687
632
865
813
539
517
287
421
463
455
256
2
564
793
799
767
620
42
644
98
114
935
104
506
225
572
137
642
431
144
511
199
898
730
950
799
532
79
517
323
307
782
262
695
405
205
832
431
898
668
177
484
138
474
647
263
505
576
769
956
223
947
929
563
45
454
773
796
965
815
574
225
321
544
129
0
511
521
589
64
140
324
715
708
294
210
204
15
838
388
624
279
878
963
859
396
759
492
229
3
591
591
594
910
41
791
207
910
172
911
294
652
513
538
564
444
759
500
49
211
145
511
455
154
955
545
742
267
673
212
104
796
777
565
449
418
465
482
41
56
452
606
909
272
809
54
682
1
20
377
652
786
738
899
294
766
791
571
290
464
810
966
532
192
899
35
746
119
755
561
759
943
957
669
664
959
284
833
918
102
110
97
758
469
391
951
365
474
32
58
487
298
122
90
2
615
878
592
598
866
766
652
145
251
377
534
992
303
355
281
936
873
139
124
78
12
42
51
475
279
873
318
749
642
489
65
658
360
480
196
622
310
283
363
798
531
175
696
829
920
133
791
56
546
230
147
366
190
554
31
554
820
583
32
299
855
256
889
995
900
20
870
631
585
249
518
207
280
896
715
615
451
890
203
949
298
116
524
572
803
719
707
648
378
980
942
26
322
158
11
863
578
583
240
716
619
304
389
980
97
627
55
294
560
363
38
176
945
543
145
153
677
258
808
926
409
423
626
627
986
859
328
228
683
339
761
468
901
16
232
845
759
768
172
241
166
911
566
114
942
566
264
69
121
586
812
676
8
816
794
995
280
488
718
715
607
999
953
214
407
882
215
650
913
263
962
410
214
126
277
328
386
321
203
480
546
48
648
537
375
912
688
69
428
564
743
764
917
588
705
483
368
325
27
595
384
601
313
951
207
529
569
669
548
720
648
585
78
146
460
39
192
469
146
984
141
71
177
934
285
672
735
611
577
465
266
767
867
117
249
985
370
263
364
944
805
988
353
553
869
83
841
292
704
98
842
379
227
154
550
211
96
133
828
366
81
815
518
839
467
388
626
903
254
704
261
8
244
661
901
57
864
984
365
833
106
412
583
631
448
884
301
625
838
931
136
555
953
350
581
139
464
372
365
603
900
157
539
838
522
585
708
503
31
906
58
14
995
877
937
388
353
493
854
633
406
33
108
188
288
974
705
579
9
272
752
947
372
85
768
834
543
386
558
803
593
834
390
75
846
964
840
730
57
213
81
507
105
487
558
311
207
752
120
726
895
597
909
536
525
880
659
212
242
767
531
839
567
912
51
607
769
762
596
312
390
133
69
407
646
885
368
941
622
443
972
966
321
709
250
242
472
630
676
308
572
745
75
993
224
514
712
91
52
366
805
455
744
804
660
148
846
132
16
294
932
967
924
337
896
974
329
673
348
352
963
345
284
343
934
155
629
642
493
360
625
416
667
752
768
939
70
595
697
211
584
161
97
941
552
0
867
75
992
404
82
221
880
900
843
201
756
179
101
991
193
363
53
168
446
65
902
713
33
269
366
346
215
768
799
676
183
467
123
537
689
517
625
110
771
437
584
735
949
193
985
722
134
175
547
119
542
690
841
926
502
576
126
377
116
609
811
876
59
834
728
898
235
826
418
818
429
772
484
138
289
527
185
154
547
755
256
844
884
733
305
146
109
972
424
689
633
381
864
709
939
388
617
238
974
420
692
841
860
305
694
449
921
316
324
231
648
646
439
999
534
728
808
262
470
875
581
673
173
820
12
736
263
234
135
251
386
355
472
299
753
627
7
252
515
359
587
665
102
513
990
249
853
253
347
929
650
979
860
338
976
397
567
748
152
828
265
643
246
423
38
81
781
380
855
676
113
265
413
561
555
140
749
105
570
82
717
195
159
406
862
467
882
786
98
162
12
818
400
661
468
687
461
162
366
858
309
160
353
842
267
182
336
967
661
87
475
31
268
37
263
626
898
388
27
465
733
856
628
132
339
402
724
644
534
750
310
710
850
456
173
169
636
489
757
250
846
564
194
118
304
126
904
695
617
509
915
579
319
640
304
354
755
736
356
366
144
982
699
471
365
93
875
528
801
368
811
364
831
679
718
862
458
526
244
863
147
15
650
848
32
482
25
955
727
849
237
589
668
921
535
495
383
446
829
5
298
405
776
110
17
424
334
286
386
302
658
656
415
937
401
424
770
44
757
992
512
469
839
857
737
23
801
324
840
899
770
353
686
344
541
569
443
264
700
383
463
373
969
796
62
316
934
963
523
920
918
409
470
635
235
145
776
745
928
552
542
685
730
132
549
623
515
10
326
814
303
185
162
891
219
817
135
38
314
624
235
398
138
502
136
467
559
471
233
397
334
657
708
810
109
102
496
844
321
60
289
162
927
156
906
401
431
376
787
233
510
304
411
388
499
918
455
861
548
49
347
526
114
775
728
597
371
295
159
535
262
158
293
12
260
799
448
142
309
552
577
645
248
403
810
36
296
731
474
490
771
136
847
65
348
628
635
675
580
478
962
686
628
167
778
845
750
588
796
50
541
475
242
328
162
289
754
182
40
595
954
409
394
188
252
184
796
518
564
222
632
620
815
683
154
72
287
684
749
497
981
453
495
927
158
812
410
834
512
520
229
751
990
914
883
700
107
906
738
943
596
725
487
497
425
605
792
905
5
634
905
471
291
912
291
45
340
545
58
181
222
980
270
95
855
613
605
833
211
24
598
213
450
216
9
85
518
461
478
658
291
342
467
725
807
610
729
85
676
909
929
907
972
417
323
643
997
963
920
324
925
416
321
760
255
808
54
864
78
954
60
370
378
768
513
445
633
195
825
423
0
210
983
860
641
616
228
530
967
660
859
107
864
964
761
138
243
388
383
49
418
180
138
739
673
648
188
86
896
476
580
787
781
455
244
160
902
519
809
709
726
246
752
855
133
940
759
554
589
157
50
130
802
931
992
43
457
567
541
71
981
956
672
560
598
269
335
127
451
769
338
324
409
579
526
743
396
311
604
263
109
625
249
25
821
696
886
219
418
116
378
561
63
68
999
711
505
51
714
352
471
931
303
335
257
290
173
453
108
973
334
946
260
618
466
463
556
890
300
787
651
735
877
988
343
170
439
328
126
49
901
861
706
503
409
822
453
324
285
399
214
982
135
867
138
504
23
603
111
90
162
154
892
641
44
751
277
552
554
619
30
751
550
20
158
908
574
521
54
703
54
966
913
859
477
946
246
193
70
415
916
566
849
314
287
129
489
988
344
430
886
680
657
494
614
94
848
498
399
215
755
693
737
578
502
514
210
918
497
911
665
529
590
752
719
449
849
503
883
873
585
178
197
422
622
157
877
154
595
322
469
649
429
710
188
323
996
94
469
177
211
193
855
154
611
544
582
256
541
683
498
247
527
406
926
950
181
165
491
706
932
355
582
847
588
873
328
632
668
364
301
697
43
888
824
930
644
460
460
391
656
366
205
526
723
345
496
649
232
20
905
60
262
197
988
489
383
686
446
602
118
790
972
879
129
387
588
769
216
22
595
94
205
24
406
558
516
460
549
860
309
772
933
730
167
217
918
142
607
429
892
601
665
299
497
403
942
626
995
783
576
142
673
188
298
975
404
694
507
70
172
210
356
13
225
730
559
638
515
192
227
391
852
733
958
444
804
908
898
853
725
891
995
890
600
154
223
85
799
792
87
263
669
746
494
645
491
812
839
916
445
677
316
11
876
606
364
240
805
852
284
629
58
214
770
804
263
593
142
761
559
210
137
751
24
867
178
118
813
466
967
668
283
758
657
433
814
796
812
399
860
809
29
825
106
608
988
579
694
454
388
723
181
277
865
175
509
94
345
959
566
450
390
668
357
179
139
186
881
150
253
257
313
708
4
90
277
201
762
608
981
44
939
236
831
57
198
638
773
299
499
241
261
494
117
391
907
572
290
572
356
717
128
151
188
901
418
918
883
321
460
210
588
322
643
875
670
653
625
637
214
474
87
811
940
828
643
234
461
456
813
906
353
353
669
272
262
555
655
47
533
103
473
865
499
831
524
297
763
603
121
130
217
498
966
365
546
653
257
63
155
168
821
881
583
578
667
45
221
728
42
597
897
117
217
981
610
4
781
396
236
713
991
471
79
605
95
376
783
440
271
597
181
700
529
971
358
720
866
820
739
826
475
159
553
433
902
199
337
393
182
454
50
296
26
244
78
145
611
626
259
631
20
556
875
396
330
655
54
74
107
343
470
378
796
709
835
628
758
14
240
366
976
759
766
864
507
655
943
591
58
214
878
936
96
53
93
256
23
30
879
905
950
822
751
800
482
463
985
781
737
155
400
483
747
141
239
736
809
378
155
767
619
545
376
36
884
127
836
560
281
734
409
518
514
391
135
860
192
485
769
942
888
508
807
887
790
282
460
898
798
245
105
385
350
805
625
347
792
283
622
547
951
186
748
646
408
580
389
446
916
384
325
661
746
891
206
307
738
869
487
908
591
550
168
276
252
257
258
789
251
415
885
42
522
111
137
836
800
916
728
565
590
544
388
227
872
48
22
896
398
671
975
991
870
215
938
89
197
709
809
553
950
117
807
685
354
87
646
831
345
784
122
810
559
963
222
664
82
185
429
155
987
535
876
643
571
392
686
664
696
282
111
265
601
909
22
76
750
929
412
878
491
799
450
197
38
115
227
268
519
136
749
407
360
549
510
400
885
623
436
657
438
871
597
587
475
237
608
862
119
301
172
194
479
969
576
326
885
87
403
303
280
965
821
931
782
650
797
693
797
918
660
380
983
220
529
152
332
247
631
813
812
412
492
803
37
999
812
684
129
280
278
768
556
358
164
518
621
84
721
300
83
444
510
192
298
618
773
96
957
706
834
119
518
13
774
393
452
55
222
577
213
332
748
168
260
237
52
921
188
878
330
891
6
298
890
415
527
360
255
290
158
151
945
789
636
168
17
459
733
164
14
731
910
270
309
511
328
913
900
708
204
901
40
483
622
502
920
415
151
126
737
112
302
973
907
951
207
22
52
931
215
347
148
459
711
355
289
773
23
163
876
335
492
267
867
220
12
10
864
449
362
837
114
136
478
28
346
621
607
957
777
775
723
254
800
961
974
701
544
434
561
922
132
841
53
935
123
589
512
238
274
893
455
492
42
747
101
101
869
166
691
744
687
928
641
996
363
557
467
195
371
709
487
54
732
924
526
177
489
280
249
225
383
10
903
635
81
529
540
366
68
75
652
156
878
62
840
381
139
150
599
37
288
319
833
583
724
398
960
42
707
947
144
243
869
114
817
890
87
802
27
1
680
956
625
283
278
120
216
842
953
301
186
508
257
489
422
534
604
896
43
889
355
519
837
956
397
475
182
658
516
157
977
806
727
537
619
988
879
784
226
42
542
155
915
663
996
640
871
18
620
706
870
158
375
428
527
725
312
414
693
418
656
155
134
508
146
898
281
520
273
932
46
269
160
741
651
102
827
703
515
148
933
3
177
834
777
306
438
837
476
907
383
427
627
861
499
67
89
775
204
598
652
485
179
580
441
982
665
506
204
645
19
426
685
549
341
908
400
824
51
508
899
513
460
252
917
840
864
67
693
951
83
790
504
331
618
118
72
845
102
866
345
865
767
54
469
454
146
756
915
623
406
883
572
682
539
541
774
863
276
557
4
171
255
440
454
862
147
491
884
721
513
718
369
36
238
392
862
487
784
227
364
79
494
800
470
980
341
718
887
505
40
744
360
459
768
509
188
973
37
4
927
123
91
374
692
334
864
30
118
768
85
551
82
304
172
494
19
96
297
288
934
5
787
764
239
495
237
428
459
762
888
888
0
915
436
995
562
135
871
418
247
537
524
971
773
450
247
426
90
70
176
762
732
644
102
218
107
78
991
245
388
595
789
535
351
313
555
517
595
86
808
236
936
385
979
36
205
333
320
686
3
294
457
36
930
206
897
329
643
130
229
17
925
345
852
265
140
653
329
186
703
573
414
90
320
25
970
844
978
344
550
593
598
583
957
479
6
443
339
785
742
921
792
415
88
83
980
95
279
926
813
332
702
250
750
214
521
826
427
570
60
308
818
860
859
571
668
306
506
75
389
970
982
844
927
351
491
923
334
968
664
709
704
58
400
206
675
607
642
970
683
167
483
321
564
126
522
8
757
277
341
629
958
429
690
179
59
586
352
943
97
989
871
930
569
12
509
801
995
126
699
529
948
433
343
447
483
263
771
303
497
465
486
834
591
98
106
22
948
655
182
729
246
492
156
941
689
923
805
667
382
90
692
697
838
178
641
21
64
999
7
447
335
253
287
386
15
679
990
660
65
942
629
63
13
904
64
142
143
62
897
867
694
979
837
16
145
290
367
117
282
295
76
554
591
801
615
789
287
966
782
430
987
71
637
537
885
182
513
588
28
782
991
274
880
737
566
687
764
199
187
5
906
502
43
86
763
349
246
979
950
982
602
92
697
283
750
945
678
144
480
457
240
441
361
192
614
701
991
494
767
651
291
998
263
972
957
933
985
682
484
164
341
911
858
454
356
825
112
582
930
301
550
275
618
481
413
197
896
902
209
573
867
702
473
912
634
378
544
797
33
127
769
287
820
402
335
284
995
26
699
711
966
93
593
459
643
653
549
369
678
68
530
716
416
182
659
995
395
927
518
270
92
861
69
29
2
726
335
862
55
525
783
637
909
425
395
776
970
486
608
756
7
320
483
66
941
773
771
534
873
451
501
530
754
299
488
342
64
620
611
427
615
506
772
632
132
592
259
348
592
123
957
909
419
241
277
889
843
395
400
786
492
711
175
175
714
473
963
610
901
514
596
36
396
697
138
935
270
818
632
181
444
180
566
117
707
576
334
31
697
350
665
280
166
162
827
623
381
423
724
24
738
466
240
633
294
139
954
60
513
791
716
405
871
890
466
172
455
995
832
764
416
952
824
509
292
188
265
944
266
38
372
746
286
532
641
746
844
183
354
21
541
592
390
498
89
260
57
602
806
868
857
946
159
56
660
708
601
101
745
795
522
213
108
134
282
622
646
558
223
493
308
35
595
996
54
828
953
378
571
902
857
490
251
552
887
367
93
612
843
374
739
487
12
692
658
357
22
650
318
375
246
742
918
590
403
708
252
117
496
108
536
842
799
86
533
677
272
596
107
460
490
710
399
150
169
228
424
550
521
919
403
315
138
217
818
910
484
127
512
435
621
627
384
692
777
271
438
538
857
535
518
693
343
670
165
566
137
420
565
819
356
894
628
923
530
982
238
955
383
45
346
512
177
422
75
925
262
661
688
703
595
288
742
559
458
813
85
640
163
412
840
539
126
502
937
327
463
646
780
956
667
486
714
658
115
294
937
53
983
729
914
628
77
504
28
738
146
91
495
860
671
892
147
821
688
367
954
543
313
896
339
578
929
99
256
306
796
817
131
19
924
946
268
120
536
374
686
950
511
152
643
370
726
93
909
514
921
737
55
938
703
964
411
293
17
995
597
543
220
417
111
345
628
176
582
109
147
402
397
346
683
37
297
130
32
95
150
202
730
325
296
769
57
626
91
773
570
215
111
275
562
294
470
445
128
675
136
409
423
405
674
655
811
17
370
291
701
216
262
972
578
770
949
108
513
203
309
194
252
957
551
292
406
422
633
544
247
468
962
189
820
510
91
501
538
524
524
286
251
162
933
650
882
641
502
451
76
630
288
467
985
119
726
507
905
163
86
602
834
202
5
201
433
621
58
316
598
383
641
739
77
108
451
330
922
433
659
878
165
316
157
9
246
525
50
952
459
117
151
779
992
685
959
620
462
723
117
268
679
417
511
858
745
847
936
773
393
338
341
357
834
52
570
740
470
693
997
11
571
426
515
42
386
958
201
208
588
343
110
260
262
74
448
203
463
713
876
83
624
172
378
975
315
102
552
780
950
769
949
955
618
620
929
793
167
220
92
843
827
321
940
398
155
267
443
989
313
52
287
28
894
752
660
405
945
114
191
521
705
664
740
178
920
699
211
470
512
64
206
526
370
810
647
360
349
299
703
250
316
592
322
416
276
53
681
207
468
745
943
859
5
611
953
886
668
509
312
946
157
80
33
145
514
969
335
491
933
938
654
208
603
300
427
254
865
675
459
829
571
962
329
889
450
377
620
480
462
444
480
901
557
254
347
172
35
574
939
174
714
881
167
135
243
456
955
823
782
987
224
302
47
45
931
516
130
354
453
408
311
439
563
982
729
961
302
198
276
409
229
763
829
982
330
425
415
188
251
371
939
980
890
780
95
819
703
308
922
95
916
541
95
511
9
807
712
346
337
472
293
107
340
112
902
28
447
661
469
865
793
954
967
574
584
301
556
187
195
873
196
150
921
337
637
450
330
494
571
640
804
59
479
75
937
814
580
264
38
938
165
237
431
755
594
385
650
26
445
61
257
554
648
930
60
370
330
131
638
204
858
75
270
677
170
266
586
197
535
564
839
545
600
531
772
72
38
726
415
699
651
970
336
433
926
304
677
105
813
199
109
761
452
508
289
630
341
478
616
861
232
799
266
122
118
584
328
863
0
300
657
184
470
449
480
92
540
842
332
358
295
152
288
28
185
25
860
880
377
754
27
606
623
465
952
893
630
14
674
593
515
508
63
768
605
578
800
84
189
503
497
528
928
493
13
607
754
109
431
201
766
747
348
271
987
987
47
505
457
748
684
998
637
213
609
556
632
53
10
233
895
711
397
209
735
574
261
832
807
165
202
562
707
891
169
129
325
20
80
192
862
259
133
14
374
135
952
4
305
579
421
98
707
283
470
39
916
756
73
544
551
835
518
211
736
697
756
492
196
613
332
768
982
98
325
384
599
994
426
224
245
171
641
441
160
266
70
315
545
478
783
551
683
614
241
588
566
917
131
408
649
972
65
242
825
361
700
518
672
903
120
448
23
390
646
828
582
332
67
453
99
492
633
933
458
230
684
949
85
688
688
893
292
539
225
670
574
920
994
862
440
901
570
260
309
643
12
260
95
850
247
453
469
95
158
737
389
572
840
437
52
152
881
234
220
146
970
532
589
728
544
833
312
492
761
827
183
578
76
777
73
419
144
435
180
894
725
517
780
223
451
86
100
768
536
457
90
551
910
123
799
816
516
118
487
573
659
510
134
459
612
387
916
495
976
942
403
273
304
559
422
391
710
974
804
69
540
552
581
212
636
628
380
457
679
143
886
967
450
717
290
559
925
601
281
999
942
567
712
232
462
656
667
53
490
141
613
601
381
16
326
280
188
887
75
305
866
530
756
730
228
512
418
997
384
901
384
778
922
326
91
12
831
568
357
40
182
677
150
987
611
848
588
300
589
788
805
490
275
176
834
543
843
542
231
669
491
37
928
608
548
283
398
700
107
94
657
416
321
325
144
164
382
786
816
743
545
643
666
524
403
249
880
781
590
881
776
16
48
730
177
425
132
693
430
161
122
700
922
870
965
644
499
379
678
68
785
313
975
579
856
157
115
117
213
516
748
647
46
557
989
971
117
398
970
630
325
570
540
192
133
321
81
387
526
656
83
136
760
106
783
150
986
991
106
652
105
213
47
153
904
356
548
954
593
86
38
52
163
415
553
507
461
81
157
122
178
99
245
236
797
379
554
722
606
634
367
229
693
567
126
991
391
790
20
141
872
210
528
808
664
264
489
925
400
927
825
537
46
589
412
280
975
851
86
320
605
76
796
194
297
666
681
945
651
778
604
501
544
953
152
794
186
926
277
157
934
793
469
207
363
85
665
758
399
171
932
552
46
15
816
393
101
526
16
382
3
552
30
970
993
195
998
98
500
56
371
189
609
546
921
294
768
91
682
588
428
145
324
681
402
298
451
178
471
860
491
791
943
889
393
452
860
672
907
391
12
622
364
971
686
207
997
380
846
424
440
428
983
279
175
557
16
246
93
639
874
75
610
780
73
643
853
427
273
889
933
466
771
137
913
192
527
34
425
98
980
211
52
740
703
237
147
146
177
26
198
599
492
204
861
77
398
449
170
502
919
973
350
236
0
656
504
348
444
442
453
736
804
356
692
420
789
145
122
537
276
118
518
617
70
509
717
762
337
248
936
399
279
980
108
731
796
779
995
831
309
471
473
469
283
76
834
870
233
293
658
474
346
546
477
758
607
185
792
803
712
298
575
964
552
431
377
567
662
955
537
608
785
930
166
291
795
434
621
761
746
129
301
748
131
111
491
590
127
813
991
519
219
166
879
390
267
773
843
786
279
407
881
81
256
250
354
848
892
734
956
196
600
563
41
577
710
460
880
649
680
675
899
351
731
964
401
532
671
78
572
242
894
671
381
920
435
559
615
373
765
897
113
88
324
901
856
759
340
785
797
206
104
514
778
627
224
349
363
288
573
418
379
216
772
60
684
534
522
146
203
522
711
82
963
317
6
678
633
983
916
55
920
807
495
930
414
259
153
56
518
520
805
258
64
36
209
501
342
602
740
762
128
231
738
65
674
731
453
823
780
289
743
85
834
498
206
292
734
46
775
597
987
597
454
990
339
454
980
162
435
470
874
319
308
395
725
630
14
449
34
191
385
605
996
468
652
992
380
590
953
910
57
797
952
623
400
700
900
806
965
291
643
56
427
658
417
959
424
410
119
328
141
566
984
442
796
338
389
577
722
747
201
353
608
327
199
206
13
406
427
315
222
217
478
482
464
314
574
292
532
44
189
193
653
965
97
970
135
681
820
508
120
144
53
536
675
331
343
154
986
283
280
558
676
811
820
370
72
215
579
808
617
21
488
906
10
490
460
939
644
488
627
11
93
791
69
739
915
338
599
850
738
435
267
231
202
186
845
312
596
522
520
347
886
836
649
531
910
15
489
222
363
832
17
580
346
463
793
826
88
651
481
575
475
967
948
150
238
372
330
174
404
17
93
103
492
601
366
406
70
36
584
578
974
96
333
912
142
257
681
780
433
350
868
417
965
302
331
251
472
339
649
323
655
719
282
386
155
668
936
65
772
744
130
889
330
208
217
511
770
804
173
242
758
596
472
432
697
865
105
589
161
207
243
558
766
801
519
861
841
238
488
86
248
27
653
385
162
641
676
81
542
824
693
436
817
627
605
412
951
6
476
574
737
102
153
256
176
601
684
312
89
54
980
243
58
165
202
652
604
409
14
293
793
37
345
474
999
694
875
420
798
239
797
500
39
698
249
457
118
150
105
411
609
404
974
121
785
671
274
160
664
147
671
628
115
556
681
284
107
122
258
721
799
4
173
16
316
747
469
473
311
408
326
182
522
657
92
199
501
680
812
501
63
724
383
998
662
420
6
986
43
553
562
619
73
435
923
122
687
543
652
887
804
32
644
0
355
188
560
535
71
560
207
621
857
862
487
587
303
133
70
515
423
634
659
850
997
830
46
241
913
696
629
716
364
69
265
899
741
989
433
383
383
304
373
351
277
288
917
83
241
592
75
696
968
397
557
958
970
181
528
846
929
358
138
785
552
31
151
725
487
292
367
504
116
134
365
874
427
810
674
374
161
388
435
705
806
115
25
686
649
406
800
66
80
991
978
116
952
359
404
750
578
946
313
162
439
669
990
495
125
317
591
619
546
41
16
606
240
371
501
516
250
587
278
147
814
373
781
469
939
652
418
832
333
807
361
821
79
218
738
638
521
472
866
483
130
0
432
814
911
829
187
966
476
35
57
689
522
55
547
878
146
206
264
946
785
809
662
984
253
791
80
78
943
251
997
598
673
640
213
99
938
698
649
989
591
919
987
646
469
438
36
109
460
478
693
419
70
202
432
125
200
787
472
249
592
407
846
332
496
265
638
651
10
497
825
577
117
638
59
392
558
928
680
899
330
619
979
236
731
241
255
986
489
71
514
397
843
307
111
557
407
644
667
711
758
522
177
921
827
752
786
121
870
16
207
257
692
709
73
965
721
798
548
976
640
666
558
659
482
559
550
416
237
168
475
175
223
150
307
23
524
517
126
143
124
267
177
156
273
756
607
62
399
754
557
847
500
524
941
827
394
388
293
254
611
925
224
59
317
68
342
545
334
582
256
659
449
491
983
79
593
697
733
334
998
68
595
782
174
293
909
741
181
257
995
151
640
467
521
730
359
740
314
192
337
826
264
988
308
111
383
8
661
163
283
479
925
245
575
703
253
550
695
897
11
246
984
227
765
507
422
909
309
711
783
636
174
289
527
36
414
327
434
897
277
179
537
7
461
99
775
800
658
262
515
678
531
443
348
570
146
148
432
740
537
300
677
820
509
404
331
361
47
884
561
200
496
232
527
623
525
992
772
2
796
397
498
285
726
785
311
235
270
727
573
415
816
675
756
426
29
834
181
108
430
605
250
878
703
738
197
847
751
596
975
973
868
780
522
574
524
447
393
784
577
506
782
782
565
780
380
332
911
635
30
309
660
626
591
858
465
273
244
318
104
893
927
880
98
466
917
753
956
990
482
815
604
375
979
577
70
872
437
691
426
328
348
884
240
92
735
574
447
342
810
566
962
413
699
93
965
671
458
150
998
213
530
593
607
222
765
583
795
982
719
927
799
592
753
800
83
994
969
192
569
912
488
469
109
995
965
18
973
772
136
212
732
996
89
190
401
557
722
777
613
990
314
664
45
35
844
219
741
100
111
153
6
343
319
28
736
256
764
32
188
376
929
741
179
299
312
877
59
126
652
951
36
321
679
29
741
426
205
115
405
26
576
97
726
460
861
131
676
659
200
783
159
715
492
423
469
91
877
199
677
529
569
785
447
942
796
887
951
532
331
121
675
397
916
936
955
710
588
482
169
212
441
119
697
253
697
67
674
419
370
669
606
132
171
78
175
134
322
607
994
209
240
453
792
916
675
318
474
541
187
208
558
700
791
159
936
311
168
832
202
875
669
301
526
929
137
984
883
719
906
58
287
313
859
214
172
64
837
858
790
794
561
22
899
985
850
993
500
976
441
232
940
132
24
847
70
840
594
541
716
835
867
83
429
861
332
862
334
168
146
677
197
468
600
757
353
478
50
979
38
961
500
665
112
869
209
565
198
479
656
142
153
161
284
257
349
260
323
739
743
332
714
935
551
795
335
131
256
664
191
446
222
905
617
420
119
382
906
445
893
160
882
67
83
458
143
427
998
151
873
542
734
972
717
456
197
399
854
448
815
809
905
226
283
144
440
369
233
976
322
985
860
586
512
412
570
29
955
410
585
101
540
87
284
49
468
872
503
833
389
902
415
720
120
886
405
710
137
504
901
497
801
879
362
158
306
696
549
722
600
526
341
302
565
309
545
602
805
246
628
344
388
803
311
53
133
500
870
796
556
936
212
180
750
96
456
738
704
792
364
698
789
599
523
178
404
730
540
447
169
452
988
109
283
584
936
241
838
106
675
753
530
435
893
190
643
875
453
49
594
156
1
660
68
653
179
314
498
60
469
481
369
560
257
231
722
29
826
259
197
17
383
165
801
815
81
617
319
890
155
808
848
668
849
392
580
751
844
989
733
60
405
143
275
379
432
974
266
42
228
931
232
281
808
473
635
549
320
20
682
851
687
361
787
24
711
222
765
927
615
643
679
146
60
417
825
220
4
66
225
647
727
322
105
145
22
884
742
229
793
808
5
207
435
51
177
808
257
255
200
715
843
645
422
318
858
600
322
669
483
396
896
987
850
879
39
667
426
462
516
335
556
931
622
838
39
310
539
723
335
442
523
852
137
58
964
232
789
299
901
276
637
547
720
328
766
522
321
333
372
736
332
626
610
888
934
968
930
339
74
594
666
512
439
649
432
874
288
127
560
666
532
794
563
495
887
284
514
788
841
440
539
161
781
359
59
484
709
484
797
961
196
597
146
271
788
316
617
14
58
132
977
166
246
783
77
913
575
127
543
755
622
948
632
353
137
534
182
609
548
780
119
928
539
796
774
537
939
635
908
556
457
727
256
574
443
771
554
704
870
179
476
282
680
625
74
393
191
343
668
390
113
286
401
225
182
838
263
742
394
55
8
47
351
280
790
210
355
22
91
860
78
183
810
534
935
207
618
751
879
330
76
339
438
867
403
459
188
797
196
324
723
600
950
420
283
743
843
938
278
535
647
374
254
2
449
529
371
165
504
134
121
390
375
977
385
659
676
934
303
791
262
805
556
726
949
309
781
491
318
703
108
583
599
397
133
85
936
522
804
708
531
99
589
309
941
135
116
533
261
651
22
365
860
249
663
392
86
809
125
181
296
224
573
406
186
9
669
0
224
386
418
316
755
440
867
453
789
189
157
867
525
536
985
647
495
262
107
64
160
641
740
429
496
302
1
980
369
450
261
971
904
999
925
437
721
876
755
615
576
827
638
3
93
912
888
885
615
302
783
940
764
987
800
667
279
47
785
785
900
425
61
37
977
323
942
254
69
287
38
635
365
586
982
558
308
328
803
214
3
296
725
957
513
425
698
447
413
581
915
804
554
29
133
896
82
862
843
457
390
482
946
776
629
474
749
348
611
730
554
123
155
325
260
555
280
531
738
440
537
104
217
990
132
591
525
594
268
662
910
4
837
500
160
656
479
113
27
997
929
757
413
220
441
708
780
909
729
735
745
440
236
662
345
800
689
62
501
532
222
621
485
288
585
470
345
473
668
673
272
792
215
977
636
465
98
845
813
933
779
703
453
125
197
545
557
191
842
858
774
998
273
875
210
741
835
518
611
84
587
97
308
830
213
887
159
474
313
680
951
809
911
491
120
992
52
121
939
94
694
555
270
167
925
174
627
763
43
934
288
697
805
945
719
176
154
910
135
679
140
238
618
154
324
617
144
960
539
68
645
940
142
194
902
265
553
48
578
257
688
934
150
407
298
250
993
92
831
167
930
935
43
782
839
392
547
995
679
767
800
612
193
664
337
206
727
474
710
569
966
96
811
660
959
128
377
427
915
418
59
168
897
147
359
961
700
147
596
233
324
571
155
520
169
939
225
951
855
491
283
887
598
192
939
954
922
962
67
133
867
428
375
891
69
411
136
429
890
314
509
401
662
349
565
409
988
637
771
254
776
740
409
700
812
889
857
47
695
294
31
870
66
896
642
472
693
639
989
156
930
991
121
429
191
965
94
902
666
206
201
98
496
925
24
247
543
339
444
404
917
700
38
688
329
103
749
509
0
630
479
422
170
312
518
12
390
403
517
703
819
758
531
395
937
637
775
81
559
126
765
112
446
340
799
411
302
297
72
228
904
538
573
49
332
614
581
703
491
999
714
61
359
676
32
986
770
126
950
833
996
873
979
491
49
725
899
477
931
998
546
84
532
633
112
943
662
505
445
517
638
744
743
766
566
849
769
638
115
222
942
375
286
405
735
253
782
793
98
336
62
694
828
926
995
844
111
784
314
96
271
398
191
447
529
460
784
669
62
815
539
878
855
963
462
818
705
39
78
758
259
980
73
144
669
297
87
915
691
330
198
932
10
450
494
572
179
23
726
960
22
909
828
165
896
94
154
944
352
952
887
797
958
479
475
77
541
437
351
478
916
351
132
366
103
242
572
167
667
718
166
586
17
705
749
509
682
111
59
351
629
257
610
901
877
987
308
958
710
979
243
516
721
462
459
716
318
501
431
168
145
281
713
146
440
218
750
988
236
902
705
342
279
144
863
416
565
895
979
752
462
249
203
670
450
592
427
270
910
115
528
398
638
296
40
745
475
857
495
499
223
132
757
726
607
967
943
340
57
444
266
934
341
42
656
164
857
444
812
590
623
437
536
499
346
660
721
455
561
725
633
362
715
544
637
815
404
310
128
259
951
185
704
943
452
539
704
574
563
34
990
971
66
746
109
765
340
812
630
84
163
622
490
481
423
962
675
889
951
147
684
179
791
214
501
722
387
86
900
900
371
690
169
444
31
715
585
845
101
736
933
712
536
740
379
112
700
219
493
732
624
616
785
388
762
635
858
720
761
258
316
958
719
517
693
546
637
246
514
275
748
497
704
387
425
968
829
166
305
458
317
863
518
853
361
136
688
937
413
353
519
23
169
451
919
234
898
781
261
869
898
174
346
934
78
660
134
889
278
141
174
903
434
308
289
80
18
950
800
615
799
309
788
46
425
204
228
570
561
692
303
343
488
551
526
199
254
588
990
247
455
651
349
323
268
57
850
291
350
549
738
478
784
475
793
918
502
393
6
795
448
257
186
821
715
767
401
756
34
427
42
483
233
737
276
29
539
375
369
333
164
470
248
644
969
13
13
927
30
314
556
263
232
722
590
918
229
68
419
382
817
241
665
428
235
950
811
645
30
261
573
287
180
905
247
11
784
585
417
986
859
150
287
406
650
840
524
874
893
822
203
396
299
757
259
146
532
804
219
339
199
685
679
392
638
861
602
91
495
824
301
238
748
207
550
894
500
331
948
930
19
983
554
663
80
513
714
862
878
393
404
128
726
885
695
816
226
4
743
866
196
866
448
755
512
835
802
249
184
187
149
948
903
389
607
126
520
243
708
191
544
934
141
35
729
838
652
656
544
884
46
706
585
814
666
769
577
347
674
535
469
600
904
258
289
770
443
273
883
956
945
749
714
227
918
629
89
720
606
702
480
102
296
754
421
814
557
441
654
639
439
126
418
33
780
348
369
436
13
136
194
396
922
8
556
496
793
92
54
283
639
140
834
450
381
163
831
440
742
627
135
423
9
944
697
455
370
633
320
820
214
60
379
275
855
441
453
548
764
851
472
175
84
386
854
768
132
468
9
77
336
341
860
602
703
988
801
34
290
993
996
473
277
700
199
808
287
143
240
313
7
175
488
619
839
479
309
88
254
445
978
541
9
297
421
433
249
499
58
210
411
164
774
605
379
256
175
484
250
675
194
837
35
882
612
40
520
459
109
489
858
719
362
687
689
902
554
220
249
868
396
927
165
419
175
470
568
241
265
991
106
756
348
57
303
563
190
598
71
454
920
940
465
689
849
573
97
956
283
995
244
959
575
328
705
349
701
517
67
710
191
289
396
34
414
725
372
426
628
725
923
361
620
833
699
67
263
525
209
188
545
302
885
716
187
830
743
314
842
474
973
31
807
306
763
853
552
248
282
920
704
53
532
699
771
72
663
645
188
840
256
557
258
877
458
396
656
354
14
531
764
29
789
885
499
241
101
486
675
156
872
339
256
253
683
684
147
521
29
992
112
854
799
880
23
39
963
566
238
785
279
215
621
685
428
263
554
496
562
364
373
327
695
990
726
199
576
229
278
859
646
219
820
103
885
739
425
997
969
339
789
750
554
206
12
300
673
165
787
741
91
383
456
530
174
558
617
801
810
636
835
656
538
286
462
859
51
808
262
775
524
137
998
144
878
809
752
152
253
208
152
153
888
64
946
349
142
205
33
404
402
444
777
830
832
162
487
665
928
759
552
589
243
162
383
830
83
487
107
570
232
15
128
108
712
926
85
24
839
938
678
391
695
42
442
190
833
894
712
34
637
654
990
702
223
694
66
177
258
632
324
538
385
290
331
789
44
881
327
450
144
310
320
884
58
592
453
895
253
842
15
982
321
255
255
36
127
323
461
521
283
100
99
927
593
281
441
278
923
234
810
805
809
184
327
969
114
109
114
227
907
911
646
261
382
481
245
397
564
187
122
238
61
372
344
195
911
781
738
997
414
55
653
687
299
736
131
471
512
842
409
816
323
548
147
895
9
949
535
642
549
966
663
671
217
159
651
916
268
429
566
803
836
275
424
817
646
150
532
22
692
662
842
719
366
513
432
107
956
970
453
51
203
418
534
366
238
566
132
787
767
642
870
288
302
283
443
498
593
227
394
918
349
441
830
40
76
879
476
858
159
248
7
488
358
849
14
441
797
159
811
624
153
842
192
83
412
633
174
924
757
774
182
495
204
907
771
771
900
29
855
916
418
183
189
240
181
338
983
681
894
900
929
363
274
607
373
790
93
340
601
405
161
447
654
824
768
21
514
792
927
123
209
713
251
872
671
644
784
46
153
910
552
445
476
59
225
985
622
207
994
45
388
606
702
911
475
178
810
670
660
102
652
402
313
489
973
570
877
924
385
212
68
687
51
145
357
121
134
638
209
943
322
618
415
79
988
677
838
638
353
134
951
518
676
648
705
915
918
230
143
960
141
852
104
774
929
280
461
845
378
472
544
574
542
326
778
728
426
265
301
713
982
158
652
280
78
959
593
473
678
963
325
680
87
759
237
505
47
754
122
879
901
239
561
412
141
662
789
577
673
812
258
958
537
413
708
980
739
975
943
305
407
809
424
204
893
339
507
113
224
240
662
991
126
1
30
504
400
980
441
769
720
925
396
659
881
963
510
794
19
647
860
364
974
504
958
467
407
778
554
638
601
264
848
69
46
600
622
404
87
863
476
570
735
364
306
538
670
105
201
321
381
239
512
569
582
481
128
526
886
36
618
88
581
821
895
352
597
955
536
166
297
823
88
594
760
362
878
889
282
526
607
978
466
791
899
346
148
795
351
325
922
688
4
742
586
596
5
737
354
763
574
47
78
533
915
578
777
998
63
209
186
610
535
837
785
424
622
317
691
502
258
928
818
550
614
314
832
903
825
936
533
799
367
111
807
360
47
913
106
896
717
730
577
669
473
554
27
569
111
148
177
515
928
750
982
286
417
786
256
53
451
317
295
615
147
85
884
64
91
41
780
992
456
955
669
944
893
673
983
202
632
237
134
745
659
561
768
873
982
183
354
215
731
600
600
380
210
507
428
638
566
592
935
999
32
589
6
370
483
858
158
76
47
952
347
728
498
783
398
294
476
192
181
788
425
392
423
732
452
879
656
232
442
15
882
244
261
609
85
276
611
124
392
558
286
167
624
464
868
193
968
613
130
543
746
100
277
118
541
929
369
674
736
929
438
878
805
528
559
725
730
685
397
608
468
256
108
256
332
114
483
151
287
974
778
930
616
639
15
626
441
3
522
404
163
966
722
637
66
266
175
385
484
85
873
566
43
627
640
333
328
301
734
673
499
530
83
323
384
54
279
348
484
65
69
548
689
281
910
867
894
650
419
311
987
588
591
142
948
670
76
476
723
506
461
662
691
281
772
656
666
992
462
836
670
3
235
556
91
273
834
730
700
952
740
421
601
771
16
295
119
929
439
38
958
976
488
71
55
233
711
601
333
958
634
529
174
249
845
146
401
199
310
40
994
989
115
909
707
137
594
179
670
260
353
106
193
583
856
508
496
12
59
104
817
918
852
453
812
852
321
543
210
313
834
198
768
120
118
165
484
118
990
224
887
832
274
274
915
127
283
469
486
481
808
75
272
2
389
286
274
99
153
171
831
265
350
492
815
249
463
389
130
307
549
55
394
124
490
332
564
641
474
34
977
353
318
164
175
570
195
293
421
358
427
494
671
399
323
329
639
361
388
983
869
759
597
112
760
625
889
345
677
780
349
171
256
114
14
289
497
604
976
625
760
78
65
175
323
450
127
239
615
751
503
82
414
922
448
490
193
670
655
881
510
896
509
199
787
102
150
107
228
18
579
556
200
714
50
152
243
154
123
564
64
259
711
325
805
709
325
871
540
907
341
476
878
270
536
559
443
661
583
473
920
955
907
172
528
34
501
95
838
103
120
609
873
733
52
857
801
191
435
821
290
760
97
169
854
645
0
43
200
214
1
285
846
184
242
522
470
422
68
877
845
122
372
190
643
406
629
558
491
368
204
29
874
198
372
738
766
389
379
867
745
961
925
405
69
168
615
934
90
967
534
945
487
194
121
83
614
518
380
276
450
169
271
767
829
804
751
461
269
335
139
62
870
950
705
202
983
603
274
392
166
908
979
413
12
231
590
111
897
387
72
898
279
984
956
731
330
402
344
355
739
242
727
14
9
774
63
548
161
506
915
0
575
726
851
431
462
305
146
524
12
575
841
746
370
600
331
432
730
897
401
172
577
30
502
297
304
800
477
283
509
195
682
213
375
212
430
121
899
721
679
152
656
793
351
946
602
726
148
272
789
504
464
399
511
316
810
768
467
708
869
983
955
81
935
376
494
774
292
105
643
175
756
180
397
993
171
59
183
772
143
769
138
983
447
798
220
411
978
707
155
258
150
727
683
265
786
953
268
524
150
744
39
289
161
447
442
440
395
684
810
73
732
796
49
407
325
95
713
19
782
978
663
523
367
868
131
85
491
224
208
959
778
133
455
385
662
147
176
477
720
623
435
661
84
880
507
390
442
755
253
308
678
868
697
815
170
958
70
500
827
125
698
350
785
874
818
710
707
54
854
457
979
947
569
961
45
599
296
863
670
514
361
839
874
946
830
60
734
53
754
166
248
480
995
281
380
69
776
673
728
137
909
346
762
463
749
860
680
951
680
295
17
308
349
635
258
973
584
732
603
945
696
436
427
464
835
881
833
791
771
376
837
412
645
890
30
716
998
639
270
58
793
240
555
344
320
649
934
290
815
846
689
465
967
821
253
70
753
589
786
848
800
853
131
783
773
609
112
754
133
40
541
622
414
793
724
335
98
991
759
132
323
963
200
110
895
993
60
482
998
157
173
88
586
64
688
42
413
101
631
592
530
737
975
467
957
827
260
962
836
704
499
546
546
721
408
416
834
625
170
468
457
114
68
22
639
664
501
564
327
816
42
520
748
561
962
75
782
60
731
638
174
289
907
3
335
307
490
423
926
476
582
147
891
67
70
739
263
469
547
615
680
905
171
792
980
41
112
973
587
990
73
286
543
876
416
560
640
446
916
371
35
74
279
296
235
936
146
528
251
223
784
577
747
441
905
937
601
632
784
648
9
425
55
329
632
592
976
929
126
948
223
772
354
572
695
508
834
418
866
643
955
599
86
187
278
199
732
683
316
182
18
869
331
484
507
926
689
421
685
638
560
628
84
873
99
49
245
797
136
56
861
380
982
964
307
300
593
571
436
30
84
540
70
828
470
831
862
974
681
348
158
871
350
686
465
427
205
281
793
763
764
634
363
773
965
846
289
662
725
726
705
481
122
177
643
301
757
210
153
337
136
211
922
395
850
27
936
386
936
508
883
360
750
552
900
52
791
237
551
599
42
910
755
974
437
29
659
183
390
606
938
919
839
621
259
635
282
706
663
742
814
827
579
194
768
755
904
723
677
522
596
96
623
150
170
19
830
424
790
27
745
153
451
592
134
271
128
599
510
251
880
222
612
333
857
227
359
194
335
560
790
781
610
721
652
315
598
793
589
155
850
970
839
462
451
963
852
91
473
951
807
807
649
756
669
747
677
1
14
670
754
771
627
20
760
162
723
519
287
280
793
941
408
729
96
218
297
913
82
936
918
403
852
292
404
310
807
251
447
253
91
293
319
606
940
945
430
994
833
721
317
663
779
895
248
987
811
191
183
754
239
823
839
858
967
941
408
821
642
192
559
766
590
953
791
512
736
883
452
147
393
193
369
632
442
359
602
935
225
924
132
606
460
231
292
37
109
527
453
729
47
375
86
214
688
850
459
976
584
163
106
667
913
752
417
609
167
71
383
956
681
506
768
557
440
32
317
317
648
140
235
209
454
234
314
387
201
494
513
687
771
271
424
955
617
989
575
523
361
463
789
787
164
872
315
662
900
794
634
423
592
179
746
943
14
432
285
198
816
711
443
605
682
321
119
835
66
344
249
38
993
125
398
748
138
734
525
19
280
246
179
438
125
357
346
809
208
793
949
447
398
101
567
657
652
193
117
410
764
34
449
553
751
115
304
815
98
348
