908
376
397
437
265
483
402
488
235
240
935
152
681
673
683
510
556
324
759
500
675
178
741
132
769
919
276
316
324
180
866
672
655
602
1
65
907
432
573
252
922
270
244
382
60
858
807
343
405
307
129
12
342
637
933
250
754
45
485
920
205
293
360
316
456
721
435
736
128
667
652
62
168
460
482
906
780
437
953
352
8
333
213
397
271
507
757
722
8
222
346
590
974
562
912
435
672
775
164
324
272
813
726
382
311
762
217
749
873
968
561
943
797
384
412
647
376
779
428
555
322
195
516
87
81
533
9
669
877
994
755
13
284
462
372
834
902
248
656
637
435
51
326
454
492
869
534
64
632
414
419
525
8
827
523
482
341
324
324
283
864
194
721
994
706
478
494
740
173
109
416
916
163
256
201
381
725
780
258
570
383
644
761
496
754
872
70
87
98
720
856
772
873
545
678
307
379
692
715
811
340
891
289
474
887
653
465
683
345
228
673
788
501
205
743
565
768
968
734
830
832
313
862
561
897
102
185
768
280
977
219
760
67
792
402
742
968
516
119
480
182
447
506
495
993
801
141
987
706
572
34
952
318
126
622
464
70
40
906
42
911
637
680
921
2
597
363
464
367
923
722
820
517
555
662
938
701
871
826
715
673
796
595
932
702
457
207
995
817
888
683
32
914
248
863
560
474
442
117
928
874
154
91
448
79
257
149
749
761
129
622
859
987
104
216
99
960
104
946
130
707
294
993
490
759
890
955
173
793
118
784
502
883
227
297
499
578
145
150
32
211
485
682
461
953
79
570
860
362
836
190
235
291
26
727
481
216
842
770
111
488
771
355
563
617
197
974
109
408
162
257
508
852
892
646
25
556
427
736
631
85
925
548
608
104
739
642
844
420
194
76
494
0
663
767
103
131
551
7
503
712
374
935
440
620
502
177
214
994
202
971
140
65
379
188
473
132
675
445
499
338
696
666
762
287
643
59
352
315
818
310
671
314
499
56
869
283
738
500
852
452
117
635
428
143
709
765
284
38
192
942
142
772
909
660
892
759
983
680
160
656
726
819
464
21
306
667
681
674
761
327
459
27
931
263
614
221
165
263
355
470
539
349
550
121
593
897
482
502
539
253
150
706
43
725
959
555
987
689
774
