579
947
476
295
92
227
454
537
213
598
591
18
856
505
911
448
545
797
373
994
683
7
711
122
976
16
26
345
662
866
711
948
734
93
375
213
910
849
496
284
217
156
384
488
565
598
577
48
798
34
558
999
33
48
141
992
123
450
813
278
99
716
434
784
198
79
607
26
210
911
172
943
556
636
160
374
702
686
416
115
771
965
920
383
277
239
713
426
673
779
372
584
961
821
486
258
123
875
157
975
464
728
506
955
495
671
215
358
562
75
11
87
498
540
955
851
263
68
156
57
458
466
822
488
535
975
539
619
261
487
800
995
824
963
771
142
361
933
334
207
659
883
819
486
145
751
417
34
519
606
445
828
606
552
612
909
789
160
904
658
196
356
801
183
962
631
38
802
617
989
557
154
720
423
471
376
714
792
615
492
21
814
357
691
614
277
446
159
210
713
998
712
808
962
216
562
230
101
92
846
25
753
251
662
921
55
240
131
268
893
352
481
497
772
611
214
40
617
51
15
432
321
948
427
345
753
124
852
892
165
357
963
712
799
273
283
654
794
806
441
470
255
218
418
587
912
104
742
277
52
411
876
838
562
987
997
656
681
630
165
268
431
896
384
101
744
502
569
527
778
488
1
818
46
61
414
684
322
67
162
85
797
303
142
28
594
754
694
651
665
93
846
823
394
646
421
986
940
843
233
364
725
246
356
407
474
58
742
626
137
909
674
289
341
295
605
514
235
298
332
75
898
898
398
3
672
254
931
222
707
760
378
669
244
450
129
397
947
569
368
470
919
214
559
775
605
442
986
97
651
538
273
273
309
756
717
937
463
705
80
33
868
668
109
698
63
105
416
548
912
817
190
185
578
669
104
801
314
825
700
719
594
107
421
419
559
564
700
274
392
391
583
707
752
79
153
155
262
398
929
452
251
211
264
793
147
139
445
453
399
83
323
309
10
205
526
755
283
82
98
572
899
415
461
596
656
994
934
425
344
615
693
533
114
22
876
696
9
895
263
653
291
113
128
11
889
975
350
656
920
21
895
377
312
681
516
189
145
669
572
410
327
220
507
47
926
243
172
277
438
546
13
152
925
299
546
418
881
970
733
793
573
885
236
680
846
574
163
500
526
919
580
928
185
318
716
387
310
121
527
671
288
179
231
534
206
584
473
104
216
845
825
440
155
508
960
920
302
582
826
450
70
585
933
9
479
189
510
935
628
233
246
160
73
755
766
750
542
704
198
95
15
433
324
932
778
903
299
59
600
368
474
488
320
227
303
671
889
984
91
748
278
643
24
543
423
338
8
514
77
885
472
629
285
742
701
205
58
417
950
200
548
701
922
660
789
499
219
608
446
728
739
411
861
206
789
532
18
935
896
977
226
604
439
628
620
883
45
331
114
183
535
431
538
61
762
383
725
780
208
270
304
388
44
874
481
267
94
591
268
963
675
283
375
440
940
763
730
376
683
374
35
292
841
56
385
31
667
370
416
4
958
552
269
341
144
691
746
729
721
632
91
941
675
712
874
150
278
386
216
150
791
302
182
926
345
363
723
835
548
932
350
828
317
262
966
298
719
941
999
521
849
15
833
566
999
145
116
361
149
601
30
773
857
379
113
758
457
552
70
874
469
212
750
3
598
495
675
916
527
607
554
826
347
316
188
173
295
988
693
879
410
423
244
988
378
6
196
483
744
807
299
956
967
956
113
234
504
493
259
491
106
203
993
853
17
327
972
275
292
786
237
608
147
854
282
644
929
877
233
821
238
529
402
760
425
739
671
320
204
247
240
494
71
608
637
601
586
57
891
256
261
916
579
942
843
877
223
764
398
521
526
286
132
332
26
607
771
201
392
14
25
198
952
733
815
534
310
791
478
960
232
371
555
48
288
294
671
389
732
13
986
67
653
875
545
513
869
760
477
350
980
395
223
0
388
962
809
293
36
7
742
709
634
588
532
991
740
106
737
268
593
463
436
9
388
919
526
889
817
820
96
258
874
32
750
758
660
570
837
725
878
16
193
193
930
980
634
850
975
610
72
379
478
825
268
605
780
696
49
650
575
98
955
597
788
53
951
560
232
360
459
342
101
683
735
514
232
259
613
96
305
294
636
266
643
452
83
13
612
582
788
46
967
11
695
335
632
305
169
942
919
234
548
416
9
823
273
458
844
848
763
32
314
669
318
690
231
871
328
691
174
674
343
699
704
151
35
112
127
197
604
121
195
808
55
355
106
349
870
327
117
972
926
260
17
39
933
393
275
482
923
462
952
860
472
755
852
981
471
560
657
928
921
831
114
803
941
632
400
124
982
803
829
103
21
747
239
197
993
801
391
95
637
446
243
51
633
37
361
374
811
448
645
419
711
722
621
347
780
549
170
109
298
853
106
280
513
61
236
727
171
552
315
924
549
898
7
184
209
353
768
609
408
374
253
917
262
192
12
743
390
11
898
984
665
125
661
255
177
601
72
4
834
504
903
57
283
372
244
986
513
191
265
607
461
4
375
159
487
555
934
632
435
987
566
220
91
715
862
653
797
297
474
661
510
495
898
991
775
19
225
674
16
22
628
463
410
368
644
905
297
642
229
365
121
811
895
314
48
471
428
202
541
748
212
585
424
815
398
166
506
823
888
256
654
768
752
610
312
332
195
938
996
428
247
167
970
885
645
17
401
153
969
877
818
83
556
225
959
663
849
589
731
368
207
995
523
332
191
192
998
54
902
371
817
411
533
669
278
439
7
642
245
273
907
455
883
28
979
516
731
527
588
980
91
535
663
715
416
67
543
456
76
64
372
499
919
534
983
376
419
75
679
756
301
255
91
655
1
912
993
955
213
807
71
933
464
106
704
497
516
3
369
595
771
489
484
947
158
653
844
968
83
920
395
416
752
811
953
606
515
127
309
294
107
887
337
446
45
626
513
909
472
693
740
136
546
520
319
362
318
912
486
996
733
238
556
773
710
261
44
76
849
434
145
540
280
599
851
391
103
544
548
614
626
601
690
320
249
183
997
649
344
599
395
956
146
125
138
932
679
750
806
704
203
119
987
726
521
223
894
585
688
834
463
229
180
176
297
490
200
333
301
735
875
754
180
450
945
741
780
557
396
28
29
74
322
375
756
211
320
791
632
715
927
609
955
929
870
312
299
167
568
194
361
573
248
98
569
251
994
846
932
335
756
137
626
876
29
923
948
308
324
247
353
110
492
278
688
915
750
891
550
510
832
54
967
907
421
869
410
10
5
32
472
979
815
27
93
203
924
618
955
656
877
55
699
274
832
848
293
411
878
471
490
552
17
266
952
504
356
684
902
549
235
723
321
456
94
636
118
98
456
379
976
616
484
56
429
814
778
158
444
128
238
598
217
37
921
84
348
853
637
679
135
564
715
175
135
759
272
114
669
935
847
192
949
643
344
144
958
51
866
186
779
107
204
31
177
276
195
757
459
537
311
439
779
928
94
12
538
439
189
295
673
34
868
408
776
378
585
361
519
872
16
899
675
875
850
209
404
294
260
437
557
861
586
762
163
153
258
155
657
769
149
530
339
588
132
211
634
325
264
497
464
646
157
169
12
752
711
558
352
218
854
109
953
920
366
898
199
622
946
354
125
581
385
547
531
428
497
848
899
939
364
258
568
845
528
932
406
316
180
949
62
121
792
819
392
603
715
542
454
896
435
266
542
730
289
362
1
332
666
169
218
5
797
98
889
348
218
724
208
165
416
238
461
946
666
449
658
54
394
141
314
942
551
308
780
329
179
903
84
177
656
621
745
258
404
691
441
907
322
145
276
923
435
729
295
278
613
477
735
672
323
825
585
601
429
495
679
513
73
850
238
253
258
949
598
299
952
388
521
219
480
163
968
775
718
406
498
109
616
985
646
417
884
937
124
352
517
210
815
211
682
795
805
256
344
31
402
448
673
757
617
852
180
274
613
625
671
541
55
838
667
347
617
739
623
37
747
620
807
671
803
606
342
850
482
290
330
812
749
280
424
118
801
781
455
646
275
936
632
782
374
737
838
309
142
643
243
901
781
701
836
621
692
139
622
271
85
98
177
300
270
699
523
935
729
391
112
439
57
429
865
529
447
23
514
678
686
628
145
521
516
530
220
476
802
345
481
834
782
528
924
640
31
330
221
192
480
169
40
718
729
79
561
167
386
784
855
398
217
212
192
801
286
683
885
179
957
946
112
996
396
909
619
734
902
357
923
553
487
780
669
609
633
959
840
222
422
212
99
173
207
243
104
165
852
681
769
276
949
219
329
659
104
905
927
159
188
987
503
898
766
832
513
842
546
556
750
744
676
745
32
843
95
290
601
717
790
148
887
142
73
6
646
249
899
587
287
20
233
917
224
323
989
500
92
671
516
991
36
227
84
626
749
80
827
945
564
545
332
116
336
753
363
867
271
332
962
972
915
20
349
402
814
141
948
904
772
26
326
567
601
617
774
37
890
388
849
591
264
418
293
792
986
150
585
385
570
462
64
411
644
230
815
955
394
342
250
574
699
594
498
918
813
840
154
339
408
335
810
869
437
86
147
256
255
739
779
473
377
405
92
201
545
484
721
112
547
439
928
139
328
966
54
929
897
738
823
227
566
857
165
746
516
519
948
461
407
993
955
531
148
915
285
741
538
285
585
432
17
321
598
178
196
496
987
746
843
902
966
341
405
955
572
375
324
131
873
839
713
216
856
446
801
655
772
144
88
665
200
267
245
930
996
137
614
207
561
73
270
907
120
963
811
227
421
3
381
20
986
621
525
545
729
202
954
41
33
90
201
24
326
459
62
356
514
872
438
115
8
637
487
475
474
242
682
107
609
367
136
568
470
519
507
482
327
736
614
937
436
738
968
57
762
637
300
670
359
648
372
908
831
119
968
77
807
277
762
857
536
995
732
537
95
351
100
597
370
80
254
887
701
352
250
367
741
228
648
391
629
601
897
570
736
831
416
401
782
266
569
575
570
438
705
974
515
339
55
520
850
217
737
187
899
838
993
79
768
910
25
793
770
42
36
917
465
500
160
583
414
585
169
955
119
968
56
839
739
347
972
253
958
228
391
349
759
506
916
154
849
619
975
291
887
155
126
597
195
718
990
207
608
251
242
527
254
491
712
539
431
416
691
395
160
376
704
797
361
844
51
688
961
84
42
821
436
302
350
858
678
798
861
610
852
688
938
882
857
556
993
4
838
458
901
73
654
790
861
475
369
213
279
305
351
825
395
999
688
480
364
549
561
76
650
38
522
191
795
980
774
350
219
305
330
560
66
321
377
318
205
239
103
612
719
534
469
81
665
425
108
796
208
812
70
447
935
492
881
233
820
844
357
239
799
803
161
146
496
698
537
831
8
930
2
218
572
661
33
188
877
379
745
600
699
161
627
64
219
653
779
925
406
868
928
455
908
232
404
889
513
364
541
761
775
370
92
79
116
112
268
436
286
357
997
276
428
938
393
567
934
183
182
20
952
203
310
415
347
849
555
261
516
615
303
29
97
528
283
650
409
373
598
438
772
607
152
457
67
553
32
155
673
427
947
678
170
441
830
863
610
358
462
678
450
507
5
579
334
661
608
796
819
302
719
301
679
290
620
111
369
548
712
52
723
482
514
466
84
935
553
566
123
143
324
730
569
0
264
914
471
168
218
20
24
49
830
919
280
316
160
613
93
229
568
507
68
891
979
56
263
635
279
780
6
109
463
348
676
583
272
259
187
968
619
235
482
368
333
444
774
743
419
516
79
803
9
24
85
877
789
833
586
862
312
555
769
70
85
402
648
342
885
398
858
895
433
224
496
610
898
821
521
681
630
243
711
773
411
898
613
650
745
285
14
232
923
497
158
60
751
405
143
502
998
906
21
532
406
948
147
191
702
786
578
620
913
627
686
13
886
682
652
401
535
75
745
730
890
166
541
93
373
740
128
816
709
311
139
375
400
7
826
359
120
26
696
566
507
908
12
458
818
951
898
2
199
972
365
634
259
451
748
635
750
735
883
402
152
238
604
439
167
872
469
498
570
94
19
209
542
429
239
108
327
74
208
773
665
456
698
362
279
495
309
597
36
592
233
678
432
799
272
654
277
728
860
520
666
493
924
684
192
14
233
99
732
442
365
554
444
342
646
624
702
468
608
642
37
149
849
962
156
897
392
699
952
862
256
937
298
288
642
878
826
56
633
631
162
936
618
329
938
622
427
502
783
559
563
580
378
654
875
336
134
925
139
167
538
435
64
629
88
798
637
361
396
891
927
737
177
996
374
834
665
465
800
139
516
218
416
506
339
764
72
247
980
834
154
632
961
318
165
772
396
136
69
684
974
726
380
511
377
85
433
253
266
911
838
742
859
453
942
428
15
6
742
278
512
601
236
423
806
488
53
142
320
670
723
79
984
946
567
186
330
156
827
218
733
871
156
425
581
527
6
570
696
854
504
7
280
690
345
244
8
96
235
116
459
559
846
530
737
574
377
290
339
720
517
346
177
434
682
59
882
729
934
604
716
113
747
913
108
356
137
88
89
400
292
364
916
452
615
165
666
507
8
720
445
778
854
467
600
863
889
652
698
835
521
722
836
73
945
540
790
415
733
625
759
365
122
464
996
324
901
168
323
585
670
666
728
657
654
94
584
527
96
44
4
716
948
261
632
822
113
264
621
404
876
744
11
297
164
750
43
872
200
100
76
751
187
922
468
406
126
492
602
201
95
371
745
196
561
539
568
696
580
61
400
883
6
782
29
212
402
464
601
583
240
271
485
125
157
646
681
633
477
67
246
70
830
905
601
429
703
629
995
597
216
971
896
739
260
521
813
693
364
372
253
506
910
442
693
701
958
64
654
665
3
517
227
958
718
982
756
52
574
979
619
608
208
402
381
349
469
267
250
573
195
844
16
640
25
358
429
180
581
463
412
926
1
449
843
96
22
771
130
732
839
558
726
983
49
827
94
577
321
235
118
484
511
383
715
83
97
673
613
69
795
731
180
330
158
454
44
125
318
270
611
690
89
548
29
851
781
780
85
382
273
625
7
769
310
21
371
880
799
565
445
118
375
356
755
42
858
806
135
556
959
80
894
641
844
583
824
747
987
934
64
444
403
548
166
644
834
390
515
177
498
888
317
415
249
425
604
25
182
296
772
310
840
634
340
87
321
974
526
79
563
258
784
236
490
406
195
734
170
722
642
838
722
716
436
689
818
556
694
29
600
860
35
714
473
194
117
788
359
552
673
433
486
86
965
254
235
742
581
71
183
313
287
286
696
800
900
380
560
501
800
526
283
186
283
737
379
626
593
529
566
63
919
31
275
52
599
785
272
620
166
326
816
827
955
434
571
412
691
263
38
74
595
85
92
178
302
987
621
856
640
886
639
466
41
505
226
923
646
838
928
248
140
44
789
224
118
986
659
735
378
290
817
692
559
226
53
652
994
479
111
646
633
458
272
705
167
128
948
994
801
980
692
355
816
944
902
832
288
669
736
707
417
823
547
603
908
796
117
944
616
405
770
123
917
102
556
940
312
579
896
699
265
572
978
347
162
155
500
811
177
3
739
175
847
323
955
887
826
131
164
303
543
63
597
479
108
697
504
11
846
644
534
301
742
462
900
849
729
445
238
386
768
229
531
507
365
969
545
689
0
361
539
495
505
386
904
506
790
148
598
974
255
584
638
592
672
521
498
469
191
453
548
379
15
915
673
447
20
39
598
287
855
635
977
433
116
793
316
291
283
919
709
869
148
233
65
268
463
181
970
960
338
995
711
984
372
884
348
564
978
989
9
259
319
132
911
782
114
498
695
828
946
425
405
184
253
367
214
89
794
364
446
128
83
529
782
151
800
217
508
32
527
612
682
779
824
514
699
652
817
661
59
869
573
178
951
623
418
402
494
647
82
779
286
927
458
684
129
738
226
785
729
548
541
948
602
857
2
773
95
605
201
851
896
68
994
179
234
339
74
392
464
366
711
397
472
523
847
431
433
663
84
717
516
488
83
604
64
99
756
390
618
719
596
276
541
610
474
684
143
698
79
36
620
502
337
975
686
838
754
679
149
680
308
701
68
981
496
365
372
179
496
637
645
452
449
783
874
815
852
508
956
518
103
972
378
911
352
532
536
703
338
751
349
372
803
912
513
65
549
190
679
600
828
41
479
779
327
861
87
299
402
492
115
133
475
945
627
514
116
642
324
934
808
837
578
923
977
319
140
766
594
608
448
234
401
923
656
124
383
173
149
47
898
964
60
257
107
106
102
365
28
833
516
794
796
537
762
581
510
145
468
322
406
394
151
785
830
858
337
591
193
256
875
873
622
275
317
120
566
15
315
818
689
730
503
301
286
324
72
962
746
406
641
191
43
429
340
253
701
447
913
804
148
821
857
123
588
105
416
404
238
106
859
287
203
445
374
382
613
382
521
746
372
608
500
740
519
697
648
238
404
82
168
67
298
453
0
579
780
623
44
236
393
753
869
558
178
881
144
181
3
230
671
445
973
349
812
625
131
661
482
476
996
178
582
364
41
143
751
251
224
485
818
960
728
436
25
781
189
431
757
362
30
565
625
171
941
181
41
414
599
122
795
231
341
639
796
431
362
293
638
586
142
442
513
135
451
812
88
870
86
46
549
198
159
491
31
868
404
449
579
890
763
55
385
135
503
930
145
452
437
940
966
791
32
967
601
539
729
176
593
872
683
703
857
15
438
982
386
544
922
57
979
287
279
845
294
117
818
771
662
827
722
766
118
444
356
555
251
395
780
466
156
435
301
634
640
54
803
425
961
344
862
860
720
356
994
747
178
239
821
905
769
404
633
91
22
952
851
31
789
144
242
791
169
735
228
326
322
539
309
610
573
706
330
578
747
226
37
194
235
862
89
869
356
16
97
946
150
555
452
171
473
440
340
369
873
84
559
828
720
375
365
970
116
904
396
117
163
543
728
722
675
483
934
454
471
941
771
932
287
325
369
310
255
156
186
360
283
858
56
443
113
448
268
344
264
808
869
706
232
172
971
578
322
356
868
709
88
909
591
825
528
702
312
576
478
844
476
796
192
265
749
267
941
864
664
213
536
892
828
604
914
889
790
346
238
411
675
242
881
862
149
576
282
654
194
818
486
40
561
115
7
881
943
886
341
173
321
696
461
458
323
321
98
223
560
556
873
335
642
684
682
498
389
9
732
285
199
444
479
265
611
400
912
346
142
674
376
913
129
90
878
108
672
625
135
148
314
605
683
951
27
388
17
888
142
358
142
764
15
653
122
949
984
369
867
596
122
799
270
763
326
562
475
809
396
613
1
89
668
304
898
149
356
33
576
159
362
724
552
857
297
134
6
278
89
919
449
240
858
918
944
458
809
921
949
129
519
333
369
455
126
867
368
648
590
556
510
585
815
158
851
397
439
598
651
114
990
585
473
644
368
478
477
880
58
151
75
700
105
928
606
869
544
382
948
536
264
684
132
421
693
809
702
817
335
782
274
307
102
543
371
545
402
953
181
892
673
643
173
754
882
495
776
634
129
114
343
429
348
866
913
139
542
776
81
147
154
982
482
152
963
611
816
280
913
604
225
806
374
893
107
819
385
225
800
272
747
967
496
847
312
109
21
659
257
257
509
717
496
749
579
160
227
779
95
480
892
185
7
686
0
343
54
327
119
31
364
286
612
484
735
606
134
214
320
885
621
628
817
221
0
356
565
61
671
911
272
912
69
472
857
972
512
534
37
238
556
616
783
628
61
617
396
354
756
237
603
633
3
906
917
189
276
170
369
30
423
512
956
874
602
801
495
928
990
957
553
112
208
477
830
466
14
960
360
340
162
489
53
7
195
747
962
980
434
816
78
227
498
797
834
797
997
763
872
427
866
202
712
877
787
830
907
416
814
510
586
642
538
307
551
256
37
982
718
786
323
405
477
724
498
552
370
176
420
206
564
859
692
37
172
758
276
450
413
78
854
910
578
941
570
354
208
610
792
548
500
631
295
610
741
113
445
734
340
573
543
3
611
65
907
639
365
809
396
674
141
732
487
206
153
214
916
479
992
750
310
92
161
907
670
358
46
434
180
249
369
451
312
586
982
334
305
56
338
224
68
21
809
642
575
318
670
571
38
393
567
109
325
831
335
302
271
370
192
872
663
337
88
34
405
874
572
936
28
511
379
489
17
876
68
520
942
111
569
422
832
761
830
29
158
461
269
336
195
854
444
433
510
645
674
682
704
580
205
593
877
333
856
694
942
342
27
294
462
553
67
541
700
806
532
840
553
245
220
433
971
345
689
502
920
534
150
820
127
439
634
471
468
793
681
221
738
548
192
877
662
555
923
770
545
778
657
84
70
927
522
9
933
332
816
679
215
164
316
934
563
676
770
724
840
36
615
128
876
182
994
91
189
366
745
780
6
178
117
523
156
588
289
384
849
398
335
85
601
406
284
417
171
842
989
951
618
381
426
462
493
651
561
514
508
945
686
611
228
72
449
828
380
484
481
174
529
848
992
982
871
540
479
189
545
210
596
967
779
253
192
407
997
691
718
400
275
125
905
830
323
476
189
191
662
510
65
364
979
545
155
388
705
952
868
3
83
380
285
38
953
20
307
747
300
527
680
527
961
609
178
911
907
501
31
251
42
971
89
768
248
610
422
534
902
199
731
745
154
439
987
179
356
689
706
562
282
407
127
45
928
46
289
621
867
748
65
330
448
578
145
500
584
419
19
795
384
716
893
833
94
499
251
550
94
373
174
300
862
138
132
628
886
956
103
560
525
609
842
731
391
380
674
806
739
139
401
605
421
644
257
817
511
698
863
831
389
895
501
705
625
249
229
627
668
266
795
696
471
731
843
742
809
673
586
232
737
731
417
539
406
698
735
315
981
729
998
382
51
184
26
657
963
828
885
146
994
545
86
294
570
18
706
564
684
552
412
457
33
410
378
925
851
532
88
6
119
243
529
779
542
575
698
332
236
218
721
969
168
536
470
984
653
471
538
379
657
594
989
688
124
649
988
3
387
442
851
705
974
982
254
815
447
813
711
274
308
323
291
560
150
320
294
231
754
506
600
356
720
710
167
503
11
711
415
765
768
133
408
758
866
178
903
264
165
281
104
92
242
0
610
671
483
456
443
796
711
170
86
575
752
757
873
309
123
885
988
651
864
181
151
644
851
320
132
47
522
540
693
224
911
201
319
966
600
73
351
573
334
464
347
869
219
462
348
114
935
482
194
317
132
105
553
139
257
224
524
373
924
486
143
480
387
365
56
557
517
11
761
291
397
180
967
516
7
962
607
222
422
839
522
635
452
762
861
155
843
425
359
360
900
494
357
194
246
957
320
308
674
981
961
975
717
901
155
14
53
32
282
